262 500 500 116
237 98 8.70076 0 83
81 163 12.5815 6 38
198 136 18.1534 72 93
116 42 22.6362 93 84
81 78 13.0412 28 50
133 107 10.1535 5 94
37 78 11.4789 43 92
116 50 3.72964 1 14
123 76 16.2033 36 51
148 138 8.9309 53 17
241 122 15.5993 63 60
235 100 10.5985 25 79
5 116 10.9875 50 22
118 145 31.1911 57 78
23 94 1.23548 1 13
219 85 11.1791 66 24
118 64 7.77137 37 29
16 149 17.7505 51 71
30 120 10.3141 47 32
185 102 18.9022 88 33
116 117 16.2366 75 5
81 86 8.15074 48 17
116 51 18.1103 40 93
22 69 0.619197 8 19
136 140 11.4075 69 79
141 61 22.156 93 98
148 128 11.0441 29 99
215 102 13.2674 5 96
74 100 11.3919 53 48
97 111 2.65954 8 69
191 110 14.7 24 83
90 142 6.50511 53 3
181 114 5.88043 13 0
213 106 15.6786 47 55
95 113 12.9614 57 37
179 143 6.7324 9 0
84 145 18.1373 74 70
126 55 13.3309 83 3
146 93 16.766 96 14
135 92 7.43439 42 4
24 147 12.2173 80 18
126 107 2.63243 22 22
254 144 13.5819 56 53
146 90 6.25209 43 6
22 69 2.37322 12 8
93 107 19.6219 73 98
179 94 10.4905 32 62
55 130 2.2658 8 24
23 76 11.8416 79 24
12 122 8.46644 79 11
22 116 11.6462 4 98
171 133 4.99909 14 50
126 61 4.94272 17 3
213 121 15.2544 19 45
213 88 2.22825 44 13
75 124 2.00162 5 2
38 109 3.86298 37 0
118 103 21.4774 100 98
170 146 11.5876 62 53
75 78 18.3061 90 18
110 126 10.1224 57 5
126 98 16.6782 44 88
116 76 10.418 37 73
180 97 15.5731 80 53
157 106 14.151 60 42
83 149 18.2968 95 11
168 140 6.92451 56 24
32 126 15.9968 56 63
234 127 5.63597 9 74
177 88 7.91745 39 31
244 110 4.83495 15 89
21 153 6.77311 4 50
185 112 9.85017 58 18
213 84 17.6688 73 86
126 35 2.3642 5 2
162 71 1.68279 12 15
154 140 13.6712 3 65
22 103 19.1037 8 87
171 121 7.40737 31 40
118 122 14.2568 48 100
176 146 8.32398 3 64
116 66 10.3574 52 28
157 88 12.6053 99 58
206 132 4.69086 29 4
116 53 4.47904 12 0
222 109 9.76527 50 29
77 145 24.1344 98 75
4 111 13.6233 4 50
77 131 11.5301 56 57
148 156 6.73076 24 55
61 99 0.333539 33 1
128 126 16.4001 45 100
44 123 15.7065 98 56
126 94 9.87677 4 44
151 140 9.65031 36 39
81 105 10.1094 72 25
213 83 4.13509 26 15
116 86 17.2745 71 0
143 100 17.0988 84 75
70 114 4.28928 21 3
81 88 17.4255 99 49
123 100 14.1397 33 96
118 86 21.3095 84 99
122 132 12.9829 74 42
126 41 16.6137 93 8
116 92 11.8726 25 33
114 176 19.672 39 47
116 96 18.7165 42 93
244 102 15.8287 77 65
227 119 16.1976 68 15
210 118 16.7336 50 33
23 82 5.93719 42 1
213 67 14.9487 71 49
103 141 14.7713 85 39
101 117 9.28428 78 43
81 92 11.7614 64 36
-1 0 2.22652 5 4
14 116 24.6693 93 90
123 39 3.45045 18 19
218 144 16.1535 38 77
22 62 6.03544 29 53
248 154 14.7216 81 12
84 78 1.61393 4 1
116 38 6.50752 23 56
255 127 6.77648 11 19
64 119 13.1337 86 3
116 4 1.90141 2 42
132 167 17.7174 31 79
48 92 16.705 54 90
90 115 19.2376 87 72
90 119 4.5048 17 21
84 110 12.3871 81 18
97 91 12.1222 72 97
191 105 9.78365 10 79
84 147 17.8779 50 31
123 59 9.18464 25 71
219 95 14.4251 71 57
54 108 10.1787 85 4
126 88 2.30455 51 19
231 154 9.13191 29 26
164 78 16.5619 55 64
116 36 9.73101 45 14
141 131 14.6842 100 4
22 80 3.33907 38 23
192 120 5.58573 11 18
81 95 11.2023 82 98
116 67 12.556 50 40
219 133 10.7769 39 29
101 119 8.18026 6 62
50 150 29.1666 87 99
112 149 16.3497 83 84
50 135 3.28106 22 0
141 99 11.8558 24 37
230 142 9.89901 69 44
244 121 19.4201 97 82
108 115 19.7751 65 98
25 144 25.6469 97 81
118 79 15.1697 79 79
162 126 14.558 79 94
97 161 18.1144 46 52
164 77 15.8811 52 84
179 86 15.3532 39 85
116 67 17.3399 94 0
224 88 23.1523 97 50
126 52 10.1287 18 47
37 80 1.66687 3 5
215 86 10.597 23 52
237 161 13.196 19 76
55 133 11.6979 40 56
162 80 9.53107 49 12
135 128 14.4937 96 42
126 76 12.1721 58 45
74 82 10.589 15 72
260 112 4.76015 21 9
120 82 13.6402 56 54
176 134 19.7909 67 99
135 96 6.3251 10 28
237 82 8.63282 36 66
41 122 16.7006 84 35
22 80 7.28723 59 58
208 91 10.07 85 36
171 77 12.3082 60 57
95 122 12.661 33 55
27 146 14.321 62 87
192 122 16.0838 70 68
74 101 14.7582 79 43
7 88 22.9743 98 84
179 96 8.93501 99 25
256 113 18.225 18 77
224 156 7.15475 55 17
123 65 14.2347 75 8
215 91 15.8138 94 50
7 112 20.7577 89 74
101 105 10.3486 13 83
56 148 12.342 19 58
27 121 18.1072 19 96
48 82 8.55886 90 0
254 144 3.81691 35 5
73 86 16.5725 76 59
25 91 13.4973 3 81
179 92 12.5394 11 93
32 124 22.044 98 73
231 147 13.9031 92 6
57 105 1.58216 1 5
73 97 10.5424 2 85
31 154 15.6337 63 8
213 121 9.3524 57 36
166 98 8.61195 50 10
126 63 15.0762 19 80
145 104 5.86421 24 38
41 108 2.21236 14 97
90 105 11.4675 18 72
77 124 4.59264 77 9
116 41 14.2299 28 54
62 115 14.6107 72 25
126 32 10.3741 49 28
180 96 12.4103 58 37
123 125 18.6693 84 39
184 124 5.52505 58 2
52 70 11.7899 41 77
260 152 17.5538 98 39
129 124 10.4059 77 0
37 99 15.8809 57 21
122 91 9.23927 39 41
118 83 15.8556 99 60
116 98 15.2647 83 39
126 108 14.1437 54 0
97 112 15.8827 86 19
53 133 3.92221 2 0
71 165 22.6606 14 36
114 132 9.9942 42 57
81 126 3.44389 14 63
70 123 9.16338 55 12
52 81 2.07963 2 67
116 109 9.67433 18 57
126 92 11.9739 17 86
120 73 5.76541 22 14
118 75 3.73543 28 10
123 114 2.02075 3 2
259 137 12.3578 96 50
98 121 20.6552 53 85
235 97 10.8213 15 78
38 101 7.55841 36 56
16 80 21.9957 98 58
81 97 11.8913 78 11
181 136 15.7098 92 0
141 70 17.7777 65 95
126 159 10.6509 64 23
148 146 7.11076 43 46
62 80 14.3788 50 51
25 85 16.566 0 80
163 120 12.7397 0 97
21 106 4.00074 0 43
23 89 6.6067 0 56
135 108 1.85889 0 0
137 118 0.0263061 0 22
164 108 2.53852 0 48
23 89 8.05838 0 72
59 129 3.7025 0 69
192 125 9.93309 0 71
54 100 10.4723 0 92
191 116 2.97768 0 29

Temps: 163.75 seconds
Valeur OPT: 82.3955
