262 500 500 0
-1 0 4227.19 0 65
229 188 -0 6 80
195 71 14756.5 72 87
118 64 2944.93 93 22
145 147 -0 28 3
133 110 -0 5 17
52 98 11722.1 43 4
185 134 -0 1 96
190 62 29094.5 36 50
230 70 -0 53 14
214 80 2337.74 63 81
235 56 -0 25 8
54 100 6823.29 50 54
101 92 23825 57 23
23 151 -0 1 53
177 83 16956.3 66 48
135 92 2936.93 37 83
38 117 12256.7 51 42
30 80 4246.43 47 23
185 78 -0 88 44
227 139 -0 75 48
19 111 6485.26 48 40
23 145 6263.45 40 69
52 129 -0 8 55
258 133 3993.66 69 50
141 111 18239 93 93
0 64 7612.62 29 73
204 75 -0 5 10
190 163 -0 53 18
157 135 -0 8 36
198 75 -0 24 3
205 148 22690.6 53 98
226 125 -0 13 5
166 104 2300.73 47 77
188 161 5483.46 57 15
200 183 -0 9 31
220 77 -0 74 98
146 106 10070.9 83 5
223 58 10163.4 96 81
38 74 18052.4 42 50
163 133 26783.2 80 84
29 152 -0 22 29
157 87 -0 56 1
62 51 4900.82 43 52
118 116 3564.97 12 98
236 170 1639.99 73 69
216 146 1497.93 32 71
66 104 -0 8 52
23 137 -0 79 0
163 107 8482.92 79 0
91 176 -0 4 96
59 129 -0 14 39
0 64 7385.28 17 87
228 125 17112.9 19 59
224 69 7600.33 44 17
66 106 9943.41 5 56
242 67 84 37 19
0 49 27239.8 100 66
183 79 12995.7 62 40
162 93 18369.1 90 0
52 144 13821.6 57 60
211 116 -0 44 25
163 29 16125 37 92
200 138 3005.96 80 43
224 36 18556.7 60 18
83 78 30928.4 95 41
242 84 -0 56 28
75 123 10482.3 56 57
0 114 -0 9 32
0 27 15011.4 39 82
99 145 6181.58 15 79
166 134 12988.5 4 39
207 89 8774.99 58 19
204 48 -0 73 36
204 99 -0 5 1
249 87 284.856 12 13
155 163 15624.3 3 75
91 178 4434.08 8 57
56 133 -0 31 9
166 101 12824.4 48 72
42 98 -0 3 18
186 140 3010.96 52 63
157 41 2670.51 99 0
0 49 -0 29 84
135 69 12733.9 12 100
163 124 21514.9 50 94
151 218 12218.8 98 63
140 174 1101.33 4 45
50 189 9408.41 56 29
26 97 -0 24 42
211 115 -0 33 22
216 164 7773.42 45 83
224 147 2463.8 98 86
46 154 -0 4 5
151 214 25080.1 36 56
208 173 25080.5 72 93
198 70 13051 26 95
181 120 13186.9 71 19
200 176 -0 84 39
68 137 -0 21 79
224 131 5531.48 99 2
0 46 -0 33 4
224 84 3493.68 84 78
43 103 -0 74 57
74 104 2571.44 93 75
181 128 -0 25 0
121 109 -0 39 2
161 179 2423.55 42 62
73 149 13631 77 31
20 141 -0 68 3
20 145 11494.3 50 47
23 139 25497.2 42 97
73 72 547.916 71 79
82 100 -0 85 53
101 58 18386.2 78 96
69 138 22437 64 58
126 86 17689.9 5 77
3 172 43250.6 93 50
123 58 -0 18 84
250 189 -0 38 12
44 138 3670.47 29 74
230 94 14477.9 81 94
223 58 -0 4 64
177 57 7151.67 23 53
255 103 8536.92 11 71
163 42 21843.7 86 97
190 83 7189.29 2 100
56 139 14366.8 31 98
23 153 3091.96 54 57
30 129 23247.9 87 55
166 133 -0 17 0
214 64 -0 81 24
181 123 4307.29 72 0
261 109 -0 10 42
225 161 9631.74 50 43
249 60 24830.2 25 90
233 104 17841.5 71 14
54 94 -0 85 0
21 122 -0 51 21
68 157 9369.31 29 88
8 116 -0 55 2
0 92 7777.4 45 99
68 118 11446.7 100 84
174 155 13769.3 38 93
63 188 3802.08 11 89
198 134 5529.74 82 72
177 55 -0 50 0
51 169 6628.65 39 43
64 68 -0 6 76
141 227 -0 87 72
183 76 14544.2 83 9
161 211 -0 22 47
166 153 -0 24 3
0 66 16383.5 69 15
73 147 5074.82 97 21
142 143 -0 65 90
74 161 9421.41 97 12
0 32 -0 79 37
110 168 23562.6 79 12
102 204 -0 46 50
0 134 -0 52 4
179 145 19033.2 39 73
52 84 18094.7 94 28
0 10 714.923 97 18
72 134 -0 18 0
37 117 -0 3 0
0 48 -0 23 8
101 88 -0 19 25
66 99 33250.5 40 85
52 95 1477.21 49 24
125 66 11051.7 96 25
181 96 14166.7 58 53
96 117 22462.6 15 77
204 68 23788.6 21 98
23 147 -0 56 11
69 106 17434.9 67 18
38 93 -0 10 15
69 34 -0 36 11
181 157 49085.5 84 2
200 138 10696.6 59 6
200 140 9405.41 85 5
162 94 -0 60 98
246 168 13721.5 33 55
83 71 4396.31 62 68
192 178 19383.5 70 72
166 76 40205.8 79 86
73 125 2348.9 98 35
179 161 20580.7 99 14
19 149 18967 18 99
153 95 -0 55 26
224 48 4 75 5
207 90 12696.4 94 79
216 172 13682.1 89 54
101 51 14589.2 13 85
10 103 -0 19 29
224 51 -0 19 37
23 140 16873.2 90 11
42 93 16130.4 35 44
73 50 12275 76 49
250 121 11525.5 3 64
250 120 -0 11 36
226 130 -0 98 70
231 171 1474.19 92 58
0 47 3384.57 1 79
0 41 1676.54 2 65
166 125 13354.3 63 58
83 73 -0 57 8
166 59 17886.8 50 50
250 121 -0 19 60
163 143 17047.2 24 56
109 152 -0 14 74
166 110 -0 18 24
14 193 46858.5 77 99
190 70 -0 28 17
57 56 11319.1 72 45
118 100 20393.2 49 14
200 135 12581.5 58 97
0 75 20308 84 57
200 178 -0 58 56
52 84 -0 41 42
83 68 21148.5 98 22
90 132 25505.7 77 78
190 121 -0 57 39
224 45 18578 39 62
163 15 2768.69 99 49
235 60 16125.4 83 83
82 107 5957.7 54 50
177 134 27895.7 86 37
173 108 -0 2 33
71 150 -0 14 29
0 62 5130.16 42 19
68 136 7799.84 14 36
142 151 8516.53 55 19
62 86 27 2 58
33 132 28566 18 56
82 50 -0 17 38
23 133 -0 22 1
224 36 50 28 24
214 78 16352.5 3 67
146 191 26179 96 10
23 176 14275.8 53 39
0 52 22439.1 15 93
0 50 -0 36 4
52 84 -0 98 0
21 141 19993.2 78 28
15 147 8897.48 92 51
0 117 26025.4 65 85
143 221 10664.4 64 8
189 104 -0 43 13
62 34 19412.3 50 80
0 99 -0 0 4
114 65 -0 0 92
33 120 -0 0 33
257 139 -0 0 38
242 67 25041.6 0 99
166 90 -0 0 3
188 154 -0 0 33
69 134 -0 0 71
38 113 -0 0 51
156 187 -0 0 6
204 74 -0 0 0
191 97 -0 0 46

Temps: 0.57 seconds
Valeur OPT: 179621
