262 500 500 0
-1 0 -0 0 56
31 188 -0 6 25
125 39 2599.09 72 12
249 77 23757.7 93 19
64 133 24709.3 28 90
18 77 -0 5 2
64 117 -0 43 38
164 147 -0 1 36
118 92 7598.42 36 56
2 67 10326.9 53 83
57 69 2759.93 63 84
235 59 -0 25 67
30 90 3574.09 50 1
125 81 19185.4 57 86
236 172 -0 1 8
219 85 8311.47 66 40
135 89 6354.18 37 83
57 123 19182.6 51 31
54 54 12438.2 47 18
185 91 21189.8 88 39
227 148 -0 75 96
0 107 3331.07 48 37
120 154 29689.8 40 99
236 151 11253.3 8 84
223 130 3505.13 69 11
163 112 1225.24 93 60
193 59 -0 29 90
217 71 2673.09 5 35
190 188 13568.4 53 93
59 148 -0 8 100
54 48 -0 24 0
33 157 -0 53 79
78 126 -0 13 39
261 115 5208.15 47 23
160 181 -0 57 65
259 205 -0 9 4
217 60 23103.8 74 79
0 142 31136.6 83 50
235 84 9569.77 96 44
62 64 14444.4 42 29
0 126 13995.4 80 48
97 155 -0 22 11
131 103 9906.63 56 18
237 59 10232 43 63
122 126 -0 12 8
199 181 37853.7 73 84
63 169 -0 32 75
55 117 -0 8 24
236 159 20594.2 79 85
18 80 -0 79 65
77 206 -0 4 43
97 149 -0 14 50
0 91 -0 17 69
0 80 21264.7 19 74
0 36 -0 44 4
175 112 -0 5 12
242 81 25647.3 37 80
203 48 -0 100 9
0 66 2667.09 62 62
75 100 10830.9 90 33
20 159 8028.19 57 44
49 99 4958.93 44 8
249 39 8735.08 37 53
62 159 -0 80 29
0 19 36668.1 60 77
217 78 35650.9 95 5
203 99 -0 56 77
233 131 26 56 14
185 145 4979.97 9 98
163 52 21138.4 39 55
138 144 7049.79 15 54
68 168 -0 4 37
185 99 -0 58 28
198 52 34567 73 78
163 97 -0 5 5
249 95 -0 12 53
154 168 -0 3 0
63 195 37957.7 8 97
224 116 -0 31 32
30 94 21911.9 48 45
214 95 1551.13 3 94
4 142 17259.9 52 72
224 51 17179.4 99 84
217 68 -0 29 39
135 74 -0 12 0
52 135 -0 50 70
151 235 21886.5 98 96
108 194 10099.6 4 79
152 211 7750.32 56 28
167 83 -0 24 42
61 100 -0 33 2
180 210 3754.01 45 88
146 164 40973 98 93
46 182 -0 4 3
151 229 -0 36 40
256 182 -0 72 10
73 83 14399.5 26 48
75 127 42649.9 71 72
118 176 5173.67 84 43
21 148 431.374 21 64
21 135 8535.25 99 59
193 42 14428.5 33 92
237 77 -0 84 6
66 113 12929.1 74 80
74 105 14725.9 93 98
169 136 -0 25 8
121 119 -0 39 28
240 195 36433.1 42 99
19 155 7982.22 77 57
20 149 -0 68 42
109 154 -0 50 12
236 154 11256.3 42 79
125 68 -0 71 69
80 111 -0 85 57
125 58 16505.1 78 25
145 152 2953.44 64 19
0 95 -0 5 29
111 193 23588.5 93 45
62 75 -0 18 5
218 215 23660.9 38 46
44 143 -0 29 0
36 101 -0 81 4
0 45 -0 4 24
118 76 -0 23 15
54 71 -0 11 0
0 18 4526.11 86 9
116 99 -0 2 3
223 156 -0 31 55
120 158 4254.69 54 87
221 114 12300.3 87 53
124 95 -0 17 18
203 56 32699.2 81 51
177 131 6162.32 72 36
5 78 -0 10 11
223 158 9219.81 50 53
146 67 -0 25 0
233 97 9541 71 85
30 76 -0 85 57
21 115 -0 51 37
234 184 -0 29 72
18 137 23115.8 55 79
104 136 961.106 45 56
68 149 28320.4 100 17
196 170 -0 38 93
74 183 -0 11 22
100 142 -0 82 25
249 57 10784.1 50 73
245 152 5332.23 39 2
193 55 -0 6 60
151 246 -0 87 71
183 68 -0 83 3
177 222 -0 22 77
104 160 8137.61 24 58
9 73 12866.7 69 58
138 153 19074.9 97 15
100 172 39627.9 65 94
152 187 17600.6 97 75
249 47 11292 79 81
146 151 40891.1 79 19
134 185 -0 46 1
116 144 19064.9 52 74
120 176 -0 39 17
75 99 10837.9 94 76
0 26 18552.6 97 92
237 136 -0 18 24
39 114 -0 3 2
0 65 -0 23 0
125 76 26808.2 19 42
66 108 -0 40 49
62 105 16034.1 49 83
2 58 -0 96 22
122 104 12596.5 58 78
186 160 -0 15 19
30 76 4137.21 21 49
196 167 -0 56 81
125 101 30815.1 67 26
233 97 12921 10 50
224 48 -0 36 52
210 171 27957 84 52
236 178 29706.1 59 82
63 166 25852.2 85 71
219 104 -0 60 0
25 177 16655.8 33 17
125 64 -0 62 4
144 200 -0 70 33
166 90 -0 79 99
21 131 6241.51 98 18
216 183 -0 99 3
213 168 -0 18 55
195 91 15213.8 55 100
249 77 4845.73 75 10
30 90 25070.2 94 38
144 201 -0 89 72
64 34 -0 13 58
80 98 21748.2 19 64
125 40 263.819 19 68
236 153 4205.69 90 89
80 101 -0 35 3
54 50 -0 76 15
3 134 -0 3 36
208 167 8141.61 11 56
233 136 -0 98 4
231 187 -0 92 23
0 46 -0 1 36
125 59 -0 2 24
61 154 27191.4 63 31
83 85 3999.38 57 50
54 63 8765.24 50 14
25 134 21838 19 99
21 139 12182 24 97
41 156 -0 14 18
90 105 -0 18 47
122 193 7959.44 77 47
112 87 6753.3 28 50
203 58 -0 72 1
3 114 23159.8 49 50
63 165 5073.67 58 87
0 38 18943.1 84 57
216 203 -0 58 6
122 78 14564.3 41 21
36 69 13935.7 98 85
49 108 31010.8 77 19
16 128 17266.1 57 95
122 56 -0 39 0
163 33 -0 99 13
82 71 23798.5 83 73
136 117 17148 54 98
237 143 28105 86 22
124 90 -0 2 33
137 177 1498.74 14 98
148 64 34621.5 42 93
68 165 -0 14 13
68 162 4142.93 55 98
122 84 -0 2 57
133 137 14661.4 18 98
249 52 -0 17 5
219 145 -0 22 56
0 40 8835.82 28 42
214 78 3264.07 3 29
259 198 27535.1 96 58
181 180 3839.5 53 62
235 62 -0 15 0
122 73 37 36 51
3 108 -0 98 0
21 148 17732 78 21
163 136 30828.1 92 14
25 137 3463.15 65 39
152 235 19641.7 64 41
170 90 19378.4 43 97
0 36 8438.35 50 86
199 145 -0 0 54
195 62 -0 0 14
138 130 11336.3 0 96
16 162 -0 0 50
64 92 7457.78 0 71
18 79 -0 0 63
207 162 -0 0 0
157 162 -0 0 0
175 123 -0 0 5
0 191 -0 0 66
54 69 -0 0 43
198 83 -0 0 39

Temps: 0.41 seconds
Valeur OPT: 212726
