262 500 500 252
213 145 15.2718 0 93
68 88 26.9643 6 42
170 149 25.3959 72 71
190 126 17.0459 93 10
81 63 2.78822 28 13
234 74 7.57407 5 57
118 166 20.9508 43 9
160 101 12.0209 1 98
112 108 6.16713 36 19
26 149 16.238 53 58
225 182 22.1791 63 53
223 155 15.746 25 83
211 92 2.55856 50 4
167 187 8.45257 57 15
196 174 17.6971 1 50
102 150 21.1366 66 53
3 155 11.2894 37 68
55 220 15.6751 51 53
191 104 18.1883 47 73
185 65 18.6901 88 58
109 192 6.80442 75 4
138 38 4.97705 48 73
250 154 3.34834 40 4
236 154 0.0479621 8 72
223 208 30.7227 69 98
234 118 30.6548 93 93
230 142 14.2334 29 79
173 132 24.3758 5 100
4 99 10.1933 53 96
227 202 10.8416 8 77
19 103 2.61472 24 5
71 105 14.1372 53 57
75 194 16.8802 13 88
252 15 17.3871 47 50
234 94 8.14851 57 0
182 121 9.24414 9 72
206 152 6.91629 74 19
104 139 16.1546 83 1
223 152 6.68604 96 25
146 153 14.885 42 64
24 222 12.7174 80 55
196 202 8.35545 22 19
197 182 35.654 56 84
33 131 22.146 43 87
199 155 21.804 12 80
187 162 19.2162 73 17
252 128 19.273 32 56
66 207 7.30468 8 14
196 151 23.0788 79 84
133 96 12.6674 79 55
68 170 19.5397 4 58
84 197 9.83834 14 67
135 165 11.5427 17 22
228 145 8.42156 19 28
252 91 20.2105 44 78
102 199 2.32233 5 2
84 171 11.1441 37 28
203 137 11.7661 100 18
183 151 10.1994 62 39
75 163 22.6956 90 37
20 208 23.8424 57 89
90 82 0.0539059 44 5
249 149 18.6834 37 29
216 142 11.3766 80 18
72 135 26.1747 60 90
211 146 28.0714 95 53
223 192 14.6469 56 33
59 209 12.6587 56 57
252 32 9.33255 9 26
190 134 15.9733 39 9
252 32 14.0803 15 96
68 69 -0 4 1
252 58 15.6082 58 47
166 111 33.2217 73 72
104 105 -0 5 0
102 157 26.487 12 92
252 52 13.6233 3 56
46 171 2.55389 8 45
136 201 7.90579 31 21
33 75 19.3267 48 56
203 186 17.8645 3 43
186 54 15.9781 52 62
252 140 21.296 99 60
206 147 24.0774 29 50
252 118 12.878 12 96
84 174 21.678 50 0
149 184 27.3346 98 8
68 108 4.17391 4 24
187 190 14.0731 56 8
230 160 18.2544 24 65
211 81 1.44726 33 0
216 168 5.28672 45 28
257 194 11.5066 98 0
46 144 -0 4 0
259 185 6.7369 36 81
186 82 27.168 72 50
234 104 2.35387 26 0
138 180 22.3265 71 79
33 185 10.9559 84 66
234 37 3.33822 21 29
252 40 18.0365 99 86
193 166 25.2595 33 41
84 139 15.1918 84 21
113 206 19.8589 74 31
186 91 17.2401 93 24
181 197 10.2038 25 23
26 192 31.1904 39 98
160 179 10.7919 42 79
70 51 18.6753 77 33
234 191 19.7231 68 17
109 197 7.96606 50 40
236 164 36.6952 42 93
33 79 14.5686 71 63
80 200 36.8907 85 99
230 146 9.96882 78 45
145 55 21.5353 64 3
126 111 18.3587 5 83
174 200 18.3913 93 6
123 123 4.17214 18 4
256 157 23.7226 38 85
22 160 1.21818 29 33
248 165 11.1967 81 2
43 151 0.11146 4 43
190 121 13.9981 23 69
255 113 10.3696 11 37
64 153 16.0168 86 99
33 108 12.9852 2 38
147 245 27.8339 31 42
46 157 16.8 54 39
33 73 32.3546 87 94
61 105 7.4043 17 1
214 150 32.9601 81 85
97 185 21.3558 72 55
5 76 5.88263 10 17
51 223 14.9951 50 0
84 127 20.6832 25 82
15 177 7.48367 71 50
54 110 1.29913 85 15
252 34 15.4488 51 71
202 65 2.73298 29 0
21 95 21.1502 55 18
104 121 27.8165 45 97
68 34 8.77785 100 0
48 171 1.29877 38 24
156 136 0.392354 11 84
100 47 36.644 82 49
252 135 0.27039 50 10
245 221 3.01011 39 36
26 152 4.24046 6 0
70 166 20.6728 87 5
54 143 16.2369 83 97
94 192 2.22498 22 14
160 114 9.09834 24 92
230 145 8.90315 69 18
76 64 26.0976 97 3
232 44 19.1219 65 74
138 106 35.3139 97 90
82 148 13.4542 79 11
126 212 33.9053 79 65
109 246 23.2539 46 56
252 74 12.5243 52 25
46 138 21.171 39 100
75 164 5.6842 94 35
69 157 22.2339 97 50
81 92 14.8789 18 8
37 151 2.28315 3 77
234 89 9.02729 23 64
89 169 16.2261 19 59
56 200 7.96723 40 47
171 170 9.98042 49 51
54 141 21.1919 96 44
181 158 22.1292 58 54
100 79 8.08313 15 11
54 116 8.87423 21 44
196 162 3.44416 56 2
55 209 10.2748 67 6
75 179 8.42328 10 39
69 141 -0 36 11
92 203 30.8912 84 77
161 147 18.6995 59 36
28 141 20.8916 85 60
84 157 19.5161 60 94
95 90 13.1401 33 23
150 146 12.6996 62 5
218 149 2.12309 70 52
72 64 15.5496 79 5
252 39 27.0013 98 56
93 152 18.9831 99 98
256 101 5.6641 18 0
9 171 16.2015 55 36
112 101 30.4381 75 75
5 83 18.7482 94 69
160 143 27.008 89 42
57 156 16.6745 13 74
197 185 6.60133 19 85
33 142 19.5855 19 76
160 143 28.9873 90 93
214 177 9.7582 35 46
73 113 20.4377 76 70
164 143 18.174 3 75
28 148 16.5284 11 57
43 204 29.5075 98 95
232 57 33.577 92 98
252 136 20.918 1 50
79 118 17.1839 2 36
139 106 25.7986 63 14
54 134 19.077 57 38
166 103 6.06741 50 19
140 132 16.344 19 54
145 57 7.74699 24 51
109 203 4.89642 14 71
234 76 22.2358 18 40
46 169 36.0307 77 99
112 98 5.89578 28 24
203 143 16.3453 72 79
33 103 20.7144 49 87
46 138 19.4522 58 97
54 134 17.0898 84 63
35 146 14.3697 58 39
15 162 0.588636 41 13
206 157 36.8843 98 81
252 71 13.5122 77 31
25 166 1.58256 57 22
43 138 10.9025 39 19
69 158 16.7767 99 52
43 148 0.254027 83 3
135 183 28.3022 54 98
20 198 14.0275 86 4
49 135 -0 2 3
71 88 28.2431 14 72
252 131 13.0886 42 43
202 66 1.29499 14 79
252 27 1.19605 55 15
102 174 2.98481 2 18
252 16 12.6499 18 29
82 153 11.2956 17 37
160 149 4.14477 22 57
69 150 2.23333 28 29
57 177 2.33541 3 12
100 140 16.1456 96 14
107 199 17.8908 53 12
225 155 9.5701 15 58
84 154 15.6076 36 42
126 151 24.0536 98 12
70 46 11.3512 78 99
102 206 17.4217 92 49
7 135 18.4452 65 62
244 194 28.1062 64 2
230 157 14.7756 43 80
69 146 16.9237 50 48
160 121 1.63897 0 25
114 154 5.78848 0 78
-1 0 14.6161 0 86
257 164 3.42104 0 8
242 165 5.57904 0 32
234 101 33.0392 0 83
145 94 0.767819 0 39
160 156 12.6963 0 84
52 219 -0 0 0
156 131 -0 0 3
54 118 13.7895 0 48
5 85 -0 0 22

Temps: 168.28 seconds
Valeur OPT: 144.127
