262 500 500 135
163 48 3.16547 0 56
229 204 11.3805 6 25
170 82 17.6644 72 12
118 31 21.6063 93 19
81 121 20.3311 28 90
133 114 0.770242 5 2
243 68 11.251 43 38
118 104 3.17975 1 36
123 44 13.9761 36 56
26 93 19.2356 53 83
146 77 21.1637 63 84
84 54 12.8101 25 67
224 130 4.33812 50 1
26 116 18.7692 57 86
143 126 3.17978 1 8
102 34 17.1026 66 40
135 30 16.4111 37 83
55 105 17.5094 51 31
163 108 10.4165 47 18
213 119 22.7508 88 39
227 96 20.9141 75 96
84 116 12.4953 48 37
236 116 24.2959 40 99
236 101 14.3393 8 84
32 92 14.9538 69 11
116 80 26.331 93 60
69 86 10.3997 29 90
0 96 7.19074 5 35
123 120 23.4796 53 93
227 93 4.80563 8 100
204 108 7.30679 24 0
190 182 31.2048 53 79
135 69 7.928 13 39
116 145 6.79398 47 23
95 150 23.7262 57 65
28 163 6.69828 9 4
220 108 20.2462 74 79
84 69 23.4215 83 50
39 61 22.3105 96 44
146 36 12.3758 42 29
24 103 27.0513 80 48
210 99 6.98443 22 11
102 95 10.2587 56 18
146 47 13.5282 43 63
243 85 3.81344 12 8
23 141 24.9998 73 84
44 125 17.5281 32 75
39 83 1.06847 8 24
123 109 20.6401 79 85
124 132 20.6157 79 65
77 167 9.7123 4 43
32 89 7.57217 14 50
15 44 7.47479 17 69
228 115 12.9795 19 74
204 95 12.368 44 4
168 88 3.20271 5 12
135 65 13.5076 37 80
203 78 22.3212 100 9
150 99 14.1493 62 62
75 47 28.7486 90 33
109 108 16.8869 57 44
90 122 12.7698 44 8
249 45 16.0211 37 53
180 129 11.1849 80 29
163 54 16.4931 60 77
206 119 28.5211 95 5
168 84 17.8415 56 77
102 73 17.003 56 14
21 152 19.5647 9 98
135 32 11.4821 39 55
138 156 5.78391 15 54
234 169 10.3969 4 37
185 126 14.5251 58 28
96 81 21.1916 73 78
118 71 0.817982 5 5
135 40 3.83216 12 53
154 178 1.52193 3 0
23 151 18.2392 8 97
32 77 11.3731 31 32
213 122 13.0742 48 45
194 100 12.9116 3 94
74 116 18.6394 52 72
163 52 28.8177 99 84
206 112 11.508 29 39
135 9 4.50461 12 0
59 86 20.9953 50 70
23 179 28.3619 98 96
81 167 22.4494 4 79
200 178 11.9695 56 28
249 111 7.99745 24 42
84 121 3.79119 33 2
6 154 22.5526 45 88
105 107 29.9349 98 93
236 129 0.255944 4 3
151 179 11.9791 36 40
256 144 3.91816 72 10
123 69 9.3227 26 48
132 83 18.9703 71 72
196 132 13.5317 84 43
234 158 20.1446 21 64
4 147 25.1899 99 59
163 85 18.055 33 92
135 30 21.8079 84 6
168 84 25.516 74 80
74 81 30.8639 93 98
84 81 5.87127 25 8
101 146 20.4615 39 28
196 141 33.2711 42 99
244 153 14.4145 77 57
227 97 10.7013 68 42
109 103 14.7787 50 12
243 106 21.6729 42 79
3 74 27.4247 71 69
103 93 17.0324 85 57
251 94 12.6532 78 25
4 135 3.69316 64 19
126 57 6.9737 5 29
98 141 21.6224 93 45
135 26 5.80942 18 5
218 170 9.89173 38 46
44 110 0.732424 29 0
189 136 22.2306 81 4
69 55 3.55273 4 24
118 27 3.97461 23 15
135 119 2.32451 11 0
163 60 22.1779 86 9
135 54 0.0495713 2 3
24 135 23.012 31 55
118 116 20.8457 54 87
90 136 21.0079 87 53
30 146 5.3532 17 18
241 71 25.1731 81 51
59 76 18.8608 72 36
84 113 0.782554 10 11
59 100 19.6015 50 53
-1 0 5.78023 25 0
84 56 22.1484 71 85
204 107 23.1457 85 57
21 128 12.728 51 37
116 187 21.3333 29 72
74 112 26.9458 55 79
74 90 7.15346 45 56
68 154 8.76406 100 17
84 114 23.4094 38 93
192 158 8.10344 11 22
3 135 17.7239 82 25
135 13 19.3608 50 73
67 113 15.2761 39 2
26 97 2.70104 6 60
86 186 23.9977 87 71
135 89 18.5402 83 3
23 173 22.4659 22 77
84 117 15.862 24 58
26 95 21.4588 69 58
188 161 15.4647 97 15
123 158 28.9168 65 94
6 153 26.7866 97 75
249 47 15.8925 79 81
29 112 25.8281 79 19
134 140 25.9149 46 1
7 120 23.2195 52 74
179 132 4.11765 39 17
75 44 26.295 94 76
135 35 31.3155 97 92
146 99 10.5034 18 24
16 79 -0 3 2
96 87 2.84458 23 0
89 119 10.8357 19 42
146 75 10.5322 40 49
146 64 12.7533 49 83
135 73 20.808 96 22
59 60 16.2446 58 78
74 105 12.3536 15 19
224 100 12.4682 21 49
196 110 18.0173 56 81
176 91 17.3563 67 26
233 54 7.88603 10 50
146 34 11.2863 36 52
92 126 26.0105 84 52
3 124 22.5944 59 82
25 123 25.189 85 71
52 59 9.89551 60 0
188 153 15.2256 33 17
150 95 16.1587 62 4
218 152 14.6527 70 33
19 120 28.3852 79 99
81 132 9.79172 98 18
93 137 2.55766 99 3
74 130 9.8154 18 55
150 114 17.1342 55 100
69 54 18.9633 75 10
84 105 24.4491 94 38
25 146 20.2869 89 72
249 78 12.4205 13 58
241 96 12.8592 19 64
0 82 9.35217 19 68
236 103 25.8175 90 89
168 95 5.81672 35 3
73 83 16.6634 76 15
250 114 8.34629 3 36
123 123 17.9178 11 56
78 85 21.2102 98 4
231 191 15.2796 92 23
84 77 2.10826 1 36
135 77 0.28309 2 24
142 187 3.89923 63 31
69 102 16.5383 57 50
166 94 13.6808 50 14
250 124 26.915 19 99
21 150 18.0779 24 97
84 98 3.13004 14 18
90 129 10.7378 18 47
118 148 22.6735 77 47
118 69 14.2608 28 50
241 73 14.1341 72 1
146 66 19.4096 49 50
44 127 19.1258 58 87
84 96 25.4668 84 57
116 149 2.19182 58 6
15 50 12.8248 41 21
150 99 26.2517 98 85
5 151 17.6333 77 19
3 83 27.6009 57 95
84 51 7.59765 39 0
163 46 20.2642 99 13
84 46 22.4807 83 73
136 79 14.6446 54 98
84 89 21.5767 86 22
163 106 14.1256 2 33
71 180 20.1841 14 98
26 96 11.3115 42 93
166 175 10.3728 14 13
108 173 28.1102 55 98
102 44 1.71908 2 57
118 133 22.0176 18 98
241 56 2.15837 17 5
16 94 14.9453 22 56
177 45 5.00256 28 42
84 76 5.34691 3 29
259 166 21.0278 96 58
253 134 14.8601 53 62
84 51 0.337396 15 0
223 67 15.2044 36 51
16 44 18.0642 98 0
21 149 15.0683 78 21
78 98 25.6649 92 14
37 108 13.8563 65 39
77 188 23.3195 64 41
177 124 13.904 43 97
146 39 12.0321 50 86
135 93 12.251 0 54
170 87 0.900168 0 14
234 144 22.3916 0 96
15 102 7.28363 0 50
242 82 7.57459 0 71
64 117 1.70529 0 63
25 133 6.33665 0 0
253 117 0.197131 0 0
15 84 5.36621 0 5
116 149 13.9288 0 66
118 106 3.80371 0 43
191 123 4.08187 0 39

Temps: 267.62 seconds
Valeur OPT: 116.732
