262 500 500 3
118 49 12.3306 0 93
71 177 22.3491 6 42
157 98 12.1658 72 71
-1 0 10.9603 93 10
81 115 4.49292 28 13
191 105 1.09736 5 57
3 72 8.92975 43 9
246 81 15.3314 1 98
3 32 7.1543 36 19
64 103 7.00203 53 58
235 112 15.9834 63 53
135 76 10.1003 25 83
190 108 3.93973 50 4
114 119 9.5689 57 15
3 107 3.91975 1 50
102 57 11.2577 66 53
135 54 8.99885 37 68
55 127 8.6978 51 53
191 114 10.9875 47 73
185 91 14.5351 88 58
227 116 6.63289 75 4
140 111 11.7174 48 73
126 87 4.81618 40 4
236 111 5.90051 8 72
15 115 24.5879 69 98
116 49 19.3735 93 93
148 109 9.03003 29 79
213 110 16.561 5 100
182 140 21.2966 53 96
85 119 9.2258 8 77
73 109 4.53422 24 5
205 149 10.3887 53 57
78 102 8.95281 13 88
252 124 16.191 47 50
182 127 7.60869 57 0
140 145 5.16247 9 72
150 101 3.30411 74 19
3 60 10.3476 83 1
146 66 11.184 96 25
102 65 11.2334 42 64
78 130 16.5308 80 55
222 128 6.25063 22 19
197 105 15.6488 56 84
118 52 11.7771 43 87
165 90 13.616 12 80
141 142 9.4799 73 17
63 115 7.90123 32 56
43 117 3.01882 8 14
120 111 12.8322 79 84
12 114 13.2958 79 55
77 153 2.98338 4 58
67 120 7.73535 14 67
123 50 2.04646 17 22
191 137 9.73979 19 28
8 101 10.4932 44 78
233 108 0.400248 5 2
84 82 7.50344 37 28
203 87 10.5328 100 18
150 100 9.82936 62 39
162 73 13.1358 90 37
227 130 10.8518 57 89
90 125 4.61952 44 5
118 37 6.81907 37 29
208 104 7.32605 80 18
118 57 12.3734 60 90
58 138 18.4821 95 53
233 108 9.59697 56 33
75 107 12.2837 56 57
142 128 4.84015 9 26
3 47 4.88453 39 9
99 132 11.7383 15 96
118 137 0.499233 4 1
185 105 11.8995 58 47
3 79 13.1031 73 72
118 55 1.75087 5 0
3 60 9.21135 12 92
186 152 9.69211 3 56
126 123 5.73688 8 45
3 93 8.13486 31 21
166 111 10.2143 48 56
194 110 4.47265 3 43
118 107 10.8913 52 62
157 63 9.09971 99 60
163 118 10.3392 29 50
3 29 11.3454 12 96
222 77 6.80613 50 0
88 164 8.30912 98 8
182 145 8.30023 4 24
77 145 9.881 56 8
163 124 7.11812 24 65
118 123 2.42504 33 0
208 130 9.62674 45 28
123 102 18.0623 98 0
46 125 0.614754 4 0
208 164 7.32325 36 81
7 122 13.0535 72 50
190 84 4.01016 26 0
132 104 11.9343 71 79
250 152 17.1583 84 66
252 129 3.64992 21 29
140 111 17.1865 99 86
193 99 3.59859 33 41
118 50 10.0216 84 21
123 113 7.73509 74 31
74 62 10.2306 93 24
15 110 9.16789 25 23
183 149 18.3341 39 98
14 124 12.0285 42 79
74 135 5.82723 77 33
20 117 5.72666 68 17
109 124 8.89883 50 40
246 118 13.3826 42 93
190 51 18.2039 71 63
197 116 19.714 85 99
0 91 12.4119 78 45
100 125 4.53602 64 3
3 26 9.09602 5 83
14 134 13.0777 93 6
3 10 1.76212 18 4
184 140 13.8793 38 85
22 98 6.1859 29 33
248 141 11.5406 81 2
3 47 5.84381 4 43
118 11 9.51929 23 69
118 102 4.25004 11 37
64 63 19.0086 86 99
116 28 3.75821 2 38
233 133 11.3931 31 42
22 106 7.56016 54 39
130 141 21.0393 87 94
12 127 3.70425 17 1
122 86 16.376 81 85
84 100 15.0772 72 55
5 107 3.35879 10 17
245 147 7.62434 50 0
3 31 10.1857 25 82
15 76 12.5816 71 50
198 106 5.49367 85 15
74 117 13.0274 51 71
71 168 5.80846 29 0
215 71 5.97765 55 18
215 67 15.3675 45 97
118 123 6.03805 100 0
14 117 5.39765 38 24
208 119 6.78096 11 84
100 121 9.55688 82 49
3 36 7.08055 50 10
201 134 8.26996 39 36
114 98 -0 6 0
86 173 19.5923 87 5
3 93 16.9425 83 97
88 161 6.65082 22 14
250 119 15.4618 24 92
9 111 9.82531 69 18
172 144 9.11756 97 3
172 158 19.0804 65 74
25 143 14.6684 97 90
249 52 9.383 79 11
109 133 15.8036 79 65
3 122 23.8821 46 56
74 91 9.79266 52 25
179 130 15.973 39 100
75 68 14.1662 94 35
3 50 13.8647 97 50
246 101 4.94858 18 8
126 66 5.3381 3 77
123 78 11.2647 23 64
82 128 11.5642 19 59
15 112 9.57607 40 47
84 68 9.79228 49 51
125 89 13.7479 96 44
181 75 9.13811 58 54
140 90 3.1617 15 11
224 114 7.53163 21 44
14 122 7.13943 56 2
102 100 9.40386 67 6
233 82 7.7771 10 39
237 48 2.81546 36 11
92 126 17.0089 84 77
128 122 5.71294 59 36
63 109 11.6466 85 60
135 73 12.5179 60 94
3 109 7.04522 33 23
150 97 5.80268 62 5
3 125 10.7174 70 52
112 90 9.03679 79 5
140 107 12.9485 98 56
93 132 17.5078 99 98
25 115 0.26915 18 0
64 126 10.1114 55 36
3 35 14.433 75 75
8 93 14.5237 94 69
144 128 12.1701 89 42
0 95 13.7001 13 74
197 103 7.67986 19 85
163 94 13.3442 19 76
222 118 13.1164 90 93
84 94 8.17967 35 46
73 81 13.367 76 70
118 93 11.8536 3 75
63 112 8.64059 11 57
75 102 20.6089 98 95
252 155 20.6902 92 98
163 85 5.46718 1 50
198 90 5.47196 2 36
190 142 10.5816 63 14
58 122 8.8897 57 38
3 82 5.03417 50 19
246 75 9.06466 19 54
252 130 9.80653 24 51
41 130 4.52819 14 71
19 125 5.48407 18 40
123 134 20.0086 77 99
8 58 5.48798 28 24
203 95 14.9343 72 79
126 39 14.3733 49 87
63 113 13.8265 58 97
0 92 13.0971 84 63
184 129 7.16486 58 39
102 63 5.37797 41 13
36 107 17.2953 98 81
90 141 15.5635 77 31
118 70 5.93853 57 22
43 57 6.28977 39 19
163 59 11.8317 99 52
43 69 7.6227 83 3
219 92 12.6842 54 98
169 113 10.7076 86 4
255 137 3.83353 2 3
71 151 8.19768 14 72
170 101 7.3305 42 43
142 158 11.2913 14 79
142 149 8.19293 55 15
3 62 2.18576 2 18
252 126 3.30033 18 29
122 74 3.46662 17 37
120 108 7.08155 22 57
62 43 5.18584 28 29
69 106 4.34918 3 12
184 140 11.1102 96 14
14 155 8.39403 53 12
225 80 5.36803 15 58
62 67 5.57444 36 42
16 71 13.8379 98 12
81 141 18.3629 78 99
102 122 13.6496 92 49
25 64 8.83337 65 62
25 157 29.9687 64 2
170 119 10.5103 43 80
62 41 6.74996 50 48
208 87 3.64722 0 25
125 86 7.34717 0 78
118 107 9.35123 0 86
126 103 3.56217 0 8
242 78 5.3254 0 32
124 115 10.3109 0 83
188 120 6.55479 0 39
253 114 4.14308 0 84
233 95 0.507077 0 0
218 152 5.01244 0 3
207 110 6.98217 0 48
19 105 3.94382 0 22

Temps: 92.61 seconds
Valeur OPT: 60.2899
