262 500 500 222
237 126 11.6068 0 65
139 238 51.7442 6 80
125 141 35.1059 72 87
165 66 42.3827 93 22
81 148 8.06202 28 3
185 164 -0 5 17
222 39 12.4927 43 4
165 86 25.2884 1 96
3 92 24.3637 36 50
26 165 9.22258 53 14
258 152 29.8553 63 81
241 124 1.72113 25 8
19 175 15.9617 50 54
235 164 29.9174 57 23
174 75 2.83692 1 53
102 73 30.8224 66 48
6 70 29.8086 37 83
258 123 11.0348 51 42
137 146 1.54775 47 23
185 131 30.283 88 44
222 47 17.0488 75 48
186 131 27.6382 48 40
222 38 26.1902 40 69
120 55 6.67929 8 55
40 118 39.456 69 50
141 90 39.1708 93 93
114 156 17.9728 29 73
112 157 0.295288 5 10
22 123 37.9571 53 18
20 54 4.80107 8 36
18 153 -0 24 3
74 175 50.3848 53 98
78 94 -0 13 5
118 174 31.1963 47 77
95 140 1.99524 57 15
46 127 8.66996 9 31
183 160 24.6115 74 98
165 32 22.6169 83 5
233 95 40.3073 96 81
102 87 26.6868 42 50
181 103 53.8019 80 84
210 65 1.30057 22 29
52 137 9.84823 56 1
122 106 29.0466 43 52
222 62 7.08755 12 98
179 83 21.7148 73 69
179 71 28.7815 32 71
175 118 0.0406297 8 52
85 52 16.019 79 0
12 186 8.92762 79 0
77 116 14.1107 4 96
67 86 8.45408 14 39
171 64 15.7191 17 87
124 185 14.7732 19 59
18 162 17.3397 44 17
47 123 8.85098 5 56
226 110 23.4223 37 19
203 138 38.4723 100 66
183 154 34.642 62 40
181 51 35.0376 90 0
132 62 26.4352 57 60
90 185 22.388 44 25
123 110 25.8453 37 92
216 87 33.7798 80 43
171 117 24.1276 60 18
255 189 35.5444 95 41
67 122 19.1096 56 28
132 66 16.8054 56 57
252 172 5.23824 9 32
3 96 31.8445 39 82
138 164 52.4851 15 79
31 191 21.7536 4 39
185 143 17.1245 58 19
198 129 30.1555 73 36
222 72 -0 5 1
162 48 -0 12 13
165 176 23.5742 3 75
23 105 6.66016 8 57
226 83 0.00974177 31 9
185 154 15.4339 48 72
181 125 -0 3 18
172 141 30.5409 52 63
157 122 32.9976 99 0
217 164 24.1182 29 84
146 97 18.923 12 100
222 16 32.0226 50 94
120 129 29.9405 98 63
34 161 13.5559 4 45
77 126 34.0451 56 29
114 182 13.6397 24 42
261 184 9.98712 33 22
187 99 32.3471 45 83
111 77 53.0443 98 86
161 81 -0 4 5
151 127 28.08 36 56
37 126 46.5266 72 93
74 136 6.78359 26 95
132 37 34.1993 71 19
174 77 48.4817 84 39
115 170 8.11936 21 79
7 127 8.24784 99 2
193 147 18.1424 33 4
165 68 50.0177 84 78
168 130 26.6004 74 57
74 83 29.2378 93 75
132 51 16.1223 25 0
220 192 28.6994 39 2
240 101 25.1497 42 62
244 174 28.3273 77 31
20 49 45.3954 68 3
109 59 12.1741 50 47
222 43 21.029 42 97
8 109 40.7496 71 79
80 131 53.5597 85 53
125 145 57.3069 78 96
100 140 8.04463 64 58
126 71 17.9256 5 77
85 66 28.1669 93 50
3 76 17.8758 18 84
218 116 2.65809 38 12
22 49 13.0636 29 74
248 178 47.709 81 94
162 86 4.91811 4 64
118 78 11.3828 23 53
255 159 27.341 11 71
64 123 41.2855 86 97
37 69 20.1926 2 100
245 110 43.1839 31 98
22 64 17.9915 54 57
185 195 58.5669 87 55
85 182 2.77151 17 0
214 137 29.3873 81 24
222 33 22.6989 72 0
5 165 15.6618 10 42
67 97 26.9789 50 43
146 88 6.79083 25 90
176 82 22.0582 71 14
165 132 31.4766 85 0
186 135 8.92892 51 21
252 207 40.6819 29 88
37 108 22.7332 55 2
165 77 30.991 45 99
68 174 41.2431 100 84
22 65 26.9685 38 93
216 107 28.4524 11 89
100 135 41.3332 82 72
6 81 10.4647 50 0
222 84 8.40829 39 43
114 150 -0 6 76
86 140 28.4191 87 72
165 147 39.3582 83 9
46 122 2.01744 22 47
180 101 6.76674 24 3
9 173 20.629 69 15
246 180 20.2921 97 21
108 191 39.5385 65 90
165 136 30.0884 97 12
249 116 15.107 79 37
109 80 42.668 79 12
59 121 34.5385 46 50
7 115 17.6065 52 4
22 63 9.96294 39 73
181 44 35.4879 94 28
237 124 37.9127 97 18
140 117 11.9259 18 0
222 18 -0 3 0
207 133 11.1605 23 8
114 178 1.76112 19 25
175 123 37.7563 40 85
171 43 19.7292 49 24
64 147 17.9888 96 25
222 35 21.4087 58 53
7 118 22.4032 15 77
137 148 14.7415 21 98
196 57 19.5219 56 11
258 107 2.73524 67 18
162 68 -0 10 15
69 102 12.6625 36 11
97 72 36.7982 84 2
22 60 19.1112 59 6
216 82 35.7289 85 5
171 36 27.3491 60 98
95 135 35.9344 33 55
150 150 21.1031 62 68
222 101 38.1535 70 72
3 129 37.8046 79 86
74 120 30.1334 98 35
161 73 27.4593 99 14
95 150 22.6104 18 99
125 175 22.4883 55 26
118 94 1.25489 75 5
7 169 37.5045 94 79
184 105 18.9915 89 54
64 140 9.67542 13 85
80 129 16.6608 19 29
224 159 4.86711 19 37
222 50 32.3474 90 11
80 134 11.3443 35 44
118 128 34.6589 76 49
236 85 0.599178 3 64
165 79 10.903 11 36
59 88 39.3475 98 70
138 205 23.0363 92 58
214 136 8.80072 1 79
73 139 16.4965 2 65
185 198 23.3955 63 58
150 168 18.9341 57 8
74 124 34.503 50 50
120 94 14.4491 19 60
115 158 23.8535 24 56
109 63 2.7522 14 74
166 181 2.89539 18 24
222 107 41.7407 77 99
190 123 17.2491 28 17
122 129 14.0435 72 45
165 73 14.8014 49 14
161 76 20.7011 58 97
118 150 39.7331 84 57
184 105 31.2914 58 56
75 62 16.9417 41 42
150 156 33.3751 98 22
37 193 24.3332 77 78
-1 0 27.6926 57 39
122 100 20.0221 39 62
122 114 39.7676 99 49
222 114 44.1939 83 83
162 67 35.1963 54 50
20 53 42.9602 86 37
173 184 17.5359 2 33
31 216 32.6866 14 29
2 158 14.2463 42 19
232 197 0.711103 14 36
126 176 20.4819 55 19
75 71 21.9073 2 58
252 163 38.2004 18 56
233 118 11.6952 17 38
111 52 3.39887 22 1
69 104 12.0019 28 24
59 142 17.4168 3 67
192 116 23.5393 96 10
117 78 30.8454 53 39
122 117 3.73973 15 93
176 115 13.0065 36 4
6 66 39.6357 98 0
145 164 11.9423 78 28
67 90 37.985 92 51
141 107 48.076 65 85
143 146 28.1334 64 8
64 170 12.2612 43 13
69 108 21.3508 50 80
165 82 -0 0 4
114 153 5.65827 0 92
37 146 8.91677 0 33
85 57 12.1022 0 38
176 100 3.90754 0 99
137 143 -0 0 3
28 151 -0 0 33
222 54 5.49522 0 71
181 94 11.9047 0 51
161 116 -0 0 6
173 173 -0 0 0
118 155 24.9259 0 46

Temps: 74.40 seconds
Valeur OPT: 208.537
