262 500 500 142
21 140 14.4226 0 65
229 54 37.0524 6 80
36 176 26.6135 72 87
8 148 10.4276 93 22
142 66 3.18852 28 3
133 112 6.92774 5 17
116 162 10.182 43 4
145 106 25.0362 1 96
215 133 16.5374 36 50
150 181 9.21886 53 14
214 210 25.7835 63 81
225 179 5.0665 25 8
49 109 19.5504 50 54
195 211 18.6637 57 23
216 185 12.1894 1 53
102 169 18.5747 66 48
209 170 14.8916 37 83
47 246 7.82429 51 42
30 108 6.53697 47 23
209 76 18.436 88 44
227 205 24.4898 75 48
70 50 21.7617 48 40
120 164 17.7309 40 69
120 174 6.42527 8 55
-1 233 233 69 50
104 124 34.7155 93 93
260 174 8.35949 29 73
260 127 -0 5 10
76 115 9.57504 53 18
171 205 3.76562 8 36
207 103 2.30819 24 3
70 75 32.0835 53 98
115 217 1.08996 13 5
244 65 26.2052 47 77
81 100 10.2088 57 15
81 133 13.0916 9 31
68 143 21.9176 74 98
116 160 13.065 83 5
225 189 30.0577 96 81
52 174 17.7047 42 50
-1 230 230 80 84
116 198 8.29638 22 29
157 212 11.9711 56 1
252 158 11.133 43 52
141 138 33.0807 12 98
187 167 26.4321 73 69
216 160 21.2439 32 71
56 217 8.8796 8 52
179 176 6.65715 79 0
70 99 7.52701 79 0
184 150 25.1304 4 96
165 216 7.99807 14 39
116 150 19.1931 17 87
90 144 17.9152 19 59
260 133 9.55451 44 17
47 223 15.777 5 56
225 192 4.77828 37 19
203 187 23.1459 100 66
183 161 8.74719 62 40
75 169 12.6849 90 0
20 221 21.9078 57 60
70 90 3.56602 44 25
249 160 13.9775 37 92
108 142 10.9318 80 43
0 156 8.58465 60 18
204 170 25.8837 95 41
102 208 9.94824 56 28
75 203 23.6759 56 57
142 4 5.98214 9 32
140 161 16.4615 39 82
142 16 16.344 15 79
229 52 16.8424 4 39
234 80 12.0417 58 19
198 108 22.0003 73 36
104 95 -0 5 1
52 163 -0 12 13
142 53 16.0847 3 75
115 153 5.72143 8 57
136 215 11.7067 31 9
232 96 20.7076 48 72
194 222 6.26961 3 18
209 61 13.8398 52 63
157 169 15.483 99 0
27 155 11.8472 29 84
135 155 21.0254 12 100
126 152 22.7867 50 94
218 156 10.6404 98 63
256 105 18.0078 4 45
21 174 1.3304 56 29
248 191 9.61971 24 42
61 91 3.52507 33 22
184 150 29.2217 45 83
120 201 13.7192 98 86
161 155 -0 4 5
182 159 8.07817 36 56
182 102 31.7379 72 93
166 102 26.6597 26 95
59 197 14.7299 71 19
154 196 12.0732 84 39
142 22 15.0057 21 79
145 61 16.3049 99 2
68 182 8.50514 33 4
68 159 21.6668 84 78
66 223 16.7631 74 57
142 86 21.7896 93 75
74 194 5.84469 25 0
130 211 28.4281 39 2
179 180 30.0653 42 62
70 24 7.79251 77 31
227 205 11.0037 68 3
210 213 21.901 50 47
196 182 23.1103 42 97
142 114 25.3602 71 79
74 217 23.1846 85 53
198 169 25.9081 78 96
99 44 19.8983 64 58
126 105 19.8875 5 77
161 196 30.8456 93 50
112 143 20.1766 18 84
184 134 7.96254 38 12
126 160 14.6942 29 74
248 199 7.49981 81 94
135 172 13.5751 4 64
8 144 9.94491 23 53
234 101 15.2657 11 71
260 168 26.7406 86 97
104 102 24.5807 2 100
249 261 25.9749 31 98
63 165 10.8964 54 57
142 122 19.3199 87 55
61 106 9.25536 17 0
214 190 10.645 81 24
97 200 14.3177 72 0
185 110 5.63661 10 42
181 223 19.1195 50 43
215 149 17.0794 25 90
102 186 6.95516 71 14
30 131 10.1076 85 0
70 48 7.85778 51 21
231 42 32.7535 29 88
244 80 5.21191 55 2
104 101 23.2543 45 99
-1 0 25.6232 100 84
161 176 12.3167 38 93
182 127 19.6718 11 89
99 45 14.1106 82 72
166 151 8.30667 50 0
59 225 15.5685 39 43
150 176 13.82 6 76
-1 175 175 87 72
36 152 15.1756 83 9
86 161 3.99078 22 47
164 150 8.68523 24 3
36 183 13.6384 69 15
70 54 13.4893 97 21
68 33 30.6902 65 90
256 119 7.83721 97 12
96 160 14.6953 79 37
41 223 19.308 79 12
201 264 18.2055 46 50
209 97 13.0751 52 4
142 129 15.5664 39 73
75 168 15.3785 94 28
0 157 15.6375 97 18
244 85 1.59197 18 0
104 151 -0 3 0
207 89 6.25208 23 8
89 199 8.14586 19 25
66 218 17.6276 40 85
181 174 7.41603 49 24
217 168 9.01465 96 25
209 162 21.6653 58 53
81 91 17.5942 15 77
30 125 16.3681 21 98
161 169 5.85285 56 11
74 220 11.7625 67 18
59 196 12.6527 10 15
237 163 6.96494 36 11
44 196 18.463 84 2
161 139 13.4784 59 6
63 145 6.58583 85 5
171 164 17.2899 60 98
115 92 20.8028 33 55
36 153 20.9117 62 68
108 123 19.1543 70 72
19 78 23.7428 79 86
138 76 16.9957 98 35
161 155 14.4859 99 14
209 83 16.8933 18 99
150 180 18.6526 55 26
8 141 15.3013 75 5
261 114 25.4209 94 79
184 131 15.4981 89 54
101 192 15.128 13 85
197 218 11.0298 19 29
27 150 16.8252 19 37
140 169 17.7571 90 11
73 209 3.84015 35 44
207 106 10.7801 76 49
208 146 7.24157 3 64
63 160 4.6395 11 36
78 223 12.8131 98 70
142 38 21.5745 92 58
21 185 15.7508 1 79
207 104 13.2541 2 65
71 78 6.7665 63 58
232 150 14.7779 57 8
142 79 18.6717 50 50
164 126 11.5228 19 60
68 32 10.8436 24 56
41 199 4.93372 14 74
142 91 4.73527 18 24
45 185 25.9835 77 99
126 134 11.2544 28 17
43 184 15.9025 72 45
104 112 12.2217 49 14
161 145 30.3781 58 97
68 141 19.5575 84 57
184 126 16.2366 58 56
52 163 12.1786 41 42
36 150 22.4978 98 22
205 116 33.5099 77 78
141 155 12.394 57 39
43 165 12.0938 39 62
163 163 23.3904 99 49
43 170 20.9467 83 83
75 188 18.2695 54 50
116 198 18.8464 86 37
90 139 0.239677 2 33
68 40 0.00543326 14 29
19 170 12.0371 42 19
68 29 13.2698 14 36
142 11 8.26163 55 19
74 186 3.45504 2 58
68 22 13.6502 18 56
104 170 11.4753 17 38
179 170 2.3261 22 1
112 158 2.73478 28 24
131 203 20.7078 3 67
155 142 10.7629 96 10
143 203 16.5084 53 39
235 176 9.86064 15 93
122 196 1.48394 36 4
52 168 16.2802 98 0
70 26 7.44027 78 28
-1 249 249 92 51
99 135 27.6465 65 85
86 172 21.7 64 8
150 178 4.64537 43 13
96 156 15.9295 50 80
208 156 3.63265 0 4
198 170 12.2374 0 92
234 35 10.2759 0 33
104 175 6.64397 0 38
223 194 17.4138 0 99
234 120 0.477479 0 3
68 81 10.9525 0 33
253 189 22.8761 0 71
165 228 9.07131 0 51
156 141 4.82614 0 6
204 120 -0 0 0
68 99 3.98289 0 46

Temps: 52.51 seconds
Valeur OPT: 120.081
