262 500 500 123
69 43 4.06442 0 56
229 191 18.3971 6 25
0 83 13.8648 72 12
123 11 26.6319 93 19
164 97 15.5685 28 90
30 100 3.28062 5 2
123 62 10.3187 43 38
213 88 5.02338 1 36
123 19 13.5559 36 56
148 88 14.2978 53 83
62 79 12.9534 63 84
69 61 9.94592 25 67
191 97 11.2515 50 1
251 101 16.8498 57 86
143 112 -0 1 8
84 63 10.1724 66 40
123 39 17.6043 37 83
168 122 17.6974 51 31
30 72 9.36396 47 18
185 102 26.1689 88 39
243 110 21.5733 75 96
186 111 10.0868 48 37
120 102 25.8376 40 99
236 85 14.6559 8 84
123 100 16.0188 69 11
141 98 24.9007 93 60
148 83 10.8465 29 90
190 75 8.02056 5 35
34 134 24.6432 53 93
109 120 3.74167 8 100
123 68 3.85086 24 0
191 154 21.5219 53 79
15 104 1.3885 13 39
185 128 12.8768 47 23
95 119 21.9426 57 65
144 134 3.11798 9 4
27 113 21.1796 74 79
16 70 19.0675 83 50
118 60 27.295 96 44
84 65 12.7419 42 29
24 109 17.1538 80 48
210 119 0.849699 22 11
135 98 9.61866 56 18
223 56 7.31454 43 63
190 102 3.43393 12 8
93 123 22.8208 73 84
93 112 19.8061 32 75
168 105 7.27843 8 24
236 93 26.9646 79 85
18 99 19.1864 79 65
91 135 5.82197 4 43
162 119 4.13108 14 50
16 70 11.9101 17 69
255 115 6.14038 19 74
260 84 9.86388 44 4
168 109 3.92794 5 12
242 82 18.1176 37 80
131 76 21.027 100 9
64 100 12.7012 62 62
135 65 19.1527 90 33
20 125 18.768 57 44
90 115 10.3249 44 8
123 33 12.535 37 53
200 108 9.8784 80 29
177 54 20.5795 60 77
69 115 25.0694 95 5
38 103 14.5451 56 77
84 108 14.0316 56 14
99 156 22.7188 9 98
118 26 11.9252 39 55
145 128 6.0285 15 54
172 164 13.6236 4 37
69 100 17.7668 58 28
198 63 20.3632 73 78
213 69 0.587327 5 5
135 62 5.19497 12 53
154 147 3.16849 3 0
91 130 16.0463 8 97
32 110 8.77587 31 32
261 107 13.8709 48 45
254 100 4.8596 3 94
4 105 21.1991 52 72
118 46 28.8514 99 84
173 116 6.94301 29 39
135 32 3.01883 12 0
123 77 19.7972 50 70
151 152 26.8847 98 96
8 134 21.4431 4 79
77 147 12.4641 56 28
114 119 10.9387 24 42
211 114 6.62081 33 2
93 121 21.1252 45 88
178 116 29.0491 98 93
200 102 -0 4 3
118 140 13.0143 36 40
164 107 12.4475 72 10
112 62 14.1593 26 48
132 106 21.2896 71 72
48 135 16.4983 84 43
209 130 12.0009 21 64
145 108 22.1642 99 59
69 75 10.6483 33 92
15 75 14.3695 84 6
113 113 16.9822 74 80
215 75 21.911 93 98
84 112 10.5909 25 8
148 121 11.7772 39 28
161 135 22.4507 42 99
115 120 16.5971 77 57
20 111 12.1673 68 42
109 118 7.55247 50 12
236 85 21.9549 42 79
3 38 25.0927 71 69
254 109 20.4271 85 57
251 77 14.0838 78 25
118 95 4.47217 64 19
126 50 3.01006 5 29
174 125 9.62409 93 45
123 2 3.84397 18 5
144 154 10.8914 38 46
236 94 2.52018 29 0
230 112 20.8598 81 4
123 45 4.14998 4 24
-1 0 2.58039 23 15
18 102 6.25576 11 0
64 66 22.5968 86 9
3 47 1.43146 2 3
135 148 18.1757 31 55
236 107 20.1982 54 87
211 124 24.2222 87 53
133 131 4.58558 17 18
123 66 20.2177 81 51
84 102 17.3039 72 36
191 99 1.01308 10 11
171 124 17.9782 50 53
123 23 4.95686 25 0
16 97 21.4151 71 85
18 90 26.6736 85 57
21 118 14.174 51 37
69 172 21.4101 29 72
8 77 18.8263 55 79
104 84 24.163 45 56
70 152 6.99181 100 17
23 101 22.4292 38 93
123 107 4.56927 11 22
115 100 14.1711 82 25
135 36 17.52 50 73
245 148 15.2155 39 2
118 75 3.68804 6 60
200 159 22.6951 87 71
148 104 14.3268 83 3
94 144 12.3687 22 77
208 107 18.1973 24 58
148 96 18.7063 69 58
4 125 12.3981 97 15
108 140 28.3691 65 94
259 146 21.0299 97 75
62 42 19.1992 79 81
135 119 19.2079 79 19
146 155 23.3163 46 1
7 99 20.1867 52 74
200 100 6.18587 39 17
75 67 21.5099 94 76
69 38 26.9512 97 92
118 72 10.1044 18 24
6 77 3.77578 3 2
3 74 3.75147 23 0
26 116 11.6388 19 42
146 98 12.3814 40 49
243 78 22.0265 49 83
69 90 20.7147 96 22
181 69 19.2381 58 78
118 76 4.68121 15 19
260 81 5.75043 21 49
236 99 20.2232 56 81
69 100 13.8995 67 26
233 85 6.33329 10 50
69 30 9.74385 36 52
118 103 19.5404 84 52
161 107 21.0893 59 82
200 110 14.6993 85 71
84 67 8.06106 60 0
95 132 7.66844 33 17
177 104 14.999 62 4
192 128 0.00505312 70 33
112 100 18.2408 79 99
172 95 11.6372 98 18
93 111 3.33999 99 3
95 119 8.19517 18 55
230 122 19.6391 55 100
123 26 17.9122 75 10
30 81 19.8533 94 38
144 118 33.3037 89 72
64 75 9.25759 13 58
80 105 7.30345 19 64
190 76 9.20776 19 68
236 93 19.1027 90 89
42 105 12.7155 35 3
204 62 15.8309 76 15
135 97 7.66759 3 36
123 83 12.2153 11 56
24 133 19.9781 98 4
145 172 18.3852 92 23
57 78 0.982603 1 36
123 54 1.29853 2 24
31 164 11.1368 63 31
3 107 12.1745 57 50
204 71 16.0952 50 14
118 89 23.2524 19 99
115 114 20.1641 24 97
16 118 8.3663 14 18
191 110 2.03665 18 47
23 138 24.1147 77 47
3 43 9.23231 28 50
123 71 14.0682 72 1
8 60 14.9315 49 50
63 112 21.467 58 87
260 91 25.1373 84 57
184 130 3.9597 58 6
15 77 10.9587 41 21
62 109 23.0132 98 85
129 132 15.2784 77 19
85 87 17.0574 57 95
62 48 3.40375 39 0
163 46 22.3317 99 13
223 62 11.6891 83 73
59 97 11.7608 54 98
20 115 18.7902 86 22
255 121 10.3917 2 33
252 169 14.9986 14 98
148 84 14.2102 42 93
70 157 1.35625 14 13
108 140 23.0988 55 98
16 74 9.6621 2 57
252 135 21.4993 18 98
62 57 2.69132 17 5
118 79 11.1701 22 56
69 40 9.6173 28 42
82 86 7.7464 3 29
259 142 21.3453 96 58
117 135 20.5821 53 62
177 62 0.699345 15 0
38 71 14.7932 36 51
118 47 16.3456 98 0
108 129 8.60334 78 21
146 133 22.4631 92 14
208 104 17.3196 65 39
77 159 17.1325 64 41
0 119 17.2176 43 97
123 32 12.9945 50 86
208 103 12.7106 0 54
249 72 5.30837 0 14
112 119 12.9435 0 96
257 96 6.44602 0 50
62 79 5.34947 0 71
18 83 1.44982 0 63
188 124 6.45971 0 0
118 85 -0 0 0
233 109 4.92186 0 5
192 132 12.2673 0 66
118 60 0.0125029 0 43
30 93 3.59665 0 39

Temps: 180.96 seconds
Valeur OPT: 112.489
