262 500 500 0
-1 0 7.97538 0 56
202 175 13.6766 6 25
125 64 12.9374 72 12
62 67 17.848 93 19
204 130 27.2045 28 90
0 66 5.38576 5 2
135 88 11.0852 43 38
198 116 5.49629 1 36
224 77 12.2558 36 56
114 56 17.0073 53 83
241 75 27.1202 63 84
235 51 12.553 25 67
133 90 5.87377 50 1
203 94 22.4226 57 86
236 170 2.86944 1 8
102 89 12.7364 66 40
84 82 22.3282 37 83
113 131 12.811 51 31
30 61 10.5218 47 18
204 90 21.0601 88 39
84 141 22.9491 75 96
138 127 13.9404 48 37
120 145 24.4857 40 99
120 143 16.496 8 84
47 141 23.8493 69 11
3 119 18.3178 93 60
163 54 13.1101 29 90
0 46 3.47798 5 35
166 184 31.8021 53 93
162 138 5.68782 8 100
0 54 4.36319 24 0
90 134 21.2546 53 79
233 118 8.71556 13 39
133 120 14.0049 47 23
95 154 16.3992 57 65
62 177 8.1004 9 4
183 89 26.1263 74 79
165 99 25.0971 83 50
163 56 24.7395 96 44
157 72 11.7135 42 29
38 135 29.9094 80 48
0 148 11.4812 22 11
197 86 17.4457 56 18
62 55 10.7195 43 63
6 127 9.70189 12 8
179 186 31.7665 73 84
216 164 19.2902 32 75
168 99 1.9506 8 24
85 142 28.8752 79 85
12 102 30.1828 79 65
84 194 17.464 4 43
67 150 10.0832 14 50
243 105 16.0611 17 69
133 106 14.3016 19 74
0 47 11.4052 44 4
168 106 1.20165 5 12
82 83 17.067 37 80
193 60 19.0703 100 9
114 79 14.0617 62 62
162 98 24.351 90 33
110 151 15.3334 57 44
0 87 4.26469 44 8
224 34 13.3212 37 53
216 162 12.8128 80 29
0 41 20.566 60 77
204 109 30.1258 95 5
168 99 21.1229 56 77
0 135 13.0936 56 14
142 149 27.9966 9 98
0 40 17.0738 39 55
99 167 18.9737 15 54
31 161 28.0402 4 37
163 90 19.7635 58 28
198 38 21.671 73 78
213 100 3.67448 5 5
224 100 5.31531 12 53
186 166 6.80178 3 0
216 181 27.1988 8 97
32 127 5.61916 31 32
261 89 21.8753 48 45
194 94 14.5244 3 94
4 134 15.1603 52 72
224 38 25.7723 99 84
183 98 2.70518 29 39
0 47 2.64 12 0
0 95 17.6347 50 70
149 212 35.0182 98 96
4 166 19.0444 4 79
257 196 11.7333 56 28
167 80 11.5802 24 42
61 88 0.121205 33 2
85 180 19.7882 45 88
84 144 30.7957 98 93
161 171 1.84875 4 3
216 207 12.7206 36 40
96 146 9.33405 72 10
198 47 16.3797 26 48
132 140 24.5189 71 72
105 177 14.9 84 43
234 160 9.70204 21 64
261 130 22.7703 99 59
251 52 18.3733 33 92
84 81 24.3585 84 6
157 98 26.3444 74 80
163 95 33.6181 93 98
222 131 10.1781 25 8
153 106 10.4629 39 28
257 156 31.0471 42 99
100 161 18.0504 77 57
20 142 16.7661 68 42
109 147 13.1348 50 12
257 125 18.0407 42 79
198 71 27.3526 71 69
82 97 19.4534 85 57
251 41 17.7945 78 25
186 143 10.1484 64 19
126 96 1.3412 5 29
257 167 25.7359 93 45
135 70 4.46103 18 5
35 194 16.05 38 46
222 136 0.001397 29 0
89 97 21.1799 81 4
235 61 7.61175 4 24
135 68 3.89411 23 15
198 85 2.06354 11 0
224 48 22.0318 86 9
73 93 1.27801 2 3
175 154 16.4844 31 55
6 147 29.0978 54 87
90 107 23.1353 87 53
18 111 8.95273 17 18
214 70 21.4015 81 51
162 134 23.0152 72 36
5 67 2.94177 10 11
201 159 18.4035 50 53
224 54 6.15521 25 0
177 101 26.836 71 85
30 78 26.1692 85 57
5 116 8.20825 51 37
202 162 19.7695 29 72
198 128 24.3198 55 79
0 122 22.6856 45 56
54 146 10.0872 100 17
174 161 27.269 38 93
135 174 8.18192 11 22
213 136 13.7727 82 25
62 54 20.5613 50 73
43 146 14.718 39 2
114 52 5.08779 6 60
84 201 23.2684 87 71
183 76 16.2661 83 3
94 212 18.5952 22 77
112 156 18.0002 24 58
9 61 21.4792 69 58
186 163 13.7642 97 15
30 155 30.1714 65 94
224 158 29.0984 97 75
163 33 26.9372 79 81
60 169 21.706 79 19
226 186 31.6621 46 1
7 126 27.566 52 74
128 161 6.44283 39 17
146 93 23.7048 94 76
0 10 29.6677 97 92
7 135 5.41041 18 24
84 89 2.77934 3 2
96 60 2.93463 23 0
251 75 13.3012 19 42
224 90 12.0712 40 49
165 109 20.4889 49 83
148 64 24.1367 96 22
162 110 23.7688 58 78
215 122 8.33469 15 19
224 71 11.255 21 49
257 156 18.9055 56 81
157 97 13.7022 67 26
233 92 10.2426 10 50
62 45 8.65559 36 52
92 152 22.9012 84 52
249 152 16.5402 59 82
250 164 28.0677 85 71
62 110 4.36428 60 0
95 159 9.67443 33 17
0 73 15.7564 62 4
7 187 12.0069 70 33
19 92 29.3616 79 99
163 121 8.01064 98 18
128 179 6.53795 99 3
95 167 10.274 18 55
148 107 27.9914 55 100
96 80 22.3451 75 10
18 80 20.4297 94 38
144 183 18.8368 89 72
163 43 8.46163 13 58
197 90 5.29792 19 64
0 55 11.9583 19 68
23 151 22.4111 90 89
0 77 11.6209 35 3
0 37 10.6528 76 15
96 128 4.50959 3 36
199 147 11.4972 11 56
62 120 21.8428 98 4
5 143 14.2147 92 23
57 62 6.6706 1 36
198 45 8.61027 2 24
30 118 5.51627 63 31
73 98 19.043 57 50
73 73 11.4813 50 14
25 142 34.8645 19 99
30 138 26.9468 24 97
41 150 2.55525 14 18
90 91 9.9194 18 47
128 190 16.8847 77 47
0 69 9.01984 28 50
235 63 11.2201 72 1
213 85 16.7885 49 50
3 151 21.95 58 87
204 92 26.5229 84 57
239 190 3.39612 58 6
163 97 14.3863 41 21
251 81 26.4548 98 85
30 105 16.6839 77 19
165 105 21.4261 57 95
82 56 7.39158 39 0
0 18 21.951 99 13
235 61 26.9747 83 73
136 111 21.655 54 98
29 147 18.4025 86 22
54 101 8.30731 2 33
71 172 24.7008 14 98
26 67 17.5816 42 93
142 164 1.84053 14 13
5 149 33.9961 55 98
84 84 1.06382 2 57
252 133 25.2494 18 98
224 37 1.19776 17 5
111 144 22.5047 22 56
62 43 5.89391 28 42
11 80 3.38181 3 29
156 180 16.3547 96 58
98 188 19.1548 53 62
235 47 -0 15 0
38 77 12.2825 36 51
146 88 13.6343 98 0
209 157 13.1086 78 21
201 140 18.505 92 14
25 139 13.8699 65 39
177 213 17.9261 64 41
230 98 12.2784 43 97
62 41 14.585 50 86
73 140 12.4348 0 54
0 37 0.390787 0 14
133 116 16.0372 0 96
257 124 15.6579 0 50
157 77 6.43607 0 71
54 81 5.37028 0 63
95 164 5.88248 0 0
0 113 0.649284 0 0
175 107 1.83896 0 5
35 189 19.4065 0 66
27 57 8.59973 0 43
198 71 4.58032 0 39

Temps: 189.75 seconds
Valeur OPT: 120.373
