262 500 500 37
163 109 74.9081 0 83
139 203 89.2572 6 38
123 147 91.6183 72 93
118 71 67.0332 93 84
250 133 64.6856 28 50
191 129 70.7694 5 94
165 31 111.912 43 92
141 85 -0 1 14
190 67 78.641 36 51
64 148 18.1004 53 17
57 131 69.2131 63 60
241 117 38.9957 25 79
49 144 70.4431 50 22
203 156 110.373 57 78
111 87 -0 1 13
37 44 27.2196 66 24
6 58 63.4729 37 29
168 144 94.453 51 71
54 124 50.4519 47 32
207 142 96.6985 88 33
227 87 23.6955 75 5
138 142 23.8791 48 17
120 53 112.961 40 93
120 58 13.833 8 19
175 140 89.9847 69 79
141 87 140.705 93 98
148 148 83.6175 29 99
54 125 89.8665 5 96
208 128 66.5825 53 48
227 93 56.4889 8 69
54 119 89.5426 24 83
205 192 11.2734 53 3
201 106 -0 13 0
252 155 75.0921 47 55
188 131 34.3972 57 37
144 119 -0 9 0
190 137 65.1645 74 70
-1 0 25.2008 83 3
39 103 62.863 96 14
162 87 39.5164 42 4
32 139 46.5948 80 18
109 99 41.4369 22 22
171 124 89.6566 56 53
223 97 41.2506 43 6
165 48 -0 12 8
143 100 105.166 73 98
199 87 93.0078 32 62
258 121 33.5642 8 24
120 53 13.0555 79 24
191 135 53.0778 79 11
77 104 39.2879 4 98
20 117 24.2839 14 50
6 54 -0 17 3
173 162 39.4606 19 45
190 102 17.659 44 13
47 132 -0 5 2
219 126 26.4559 37 0
37 106 109.967 100 98
183 150 93.2364 62 53
169 58 26.1324 90 18
110 103 16.9053 57 5
191 137 66.7522 44 88
118 98 50.3596 37 73
199 69 90.9302 80 53
224 102 77.8267 60 42
173 170 84.6759 95 11
169 125 42.561 56 24
6 119 82.921 56 63
142 139 60.5883 9 74
6 87 51.1762 39 31
100 156 49.0599 15 89
252 189 73.2978 4 50
141 140 67.2668 58 18
198 107 69.5004 73 86
141 85 -0 5 2
169 54 0.381853 12 15
188 158 78.9749 3 65
120 94 125.935 8 87
181 103 54.2216 31 40
191 131 84.0583 48 100
181 121 53.0732 3 64
4 143 47.4838 52 28
224 107 93.9143 99 58
27 156 16.3619 29 4
15 89 -0 12 0
37 47 59.1771 50 29
120 117 92.8679 98 75
256 141 28.1866 4 50
93 126 71.9791 56 57
101 171 33.7144 24 55
61 138 -0 33 1
77 110 138.635 45 100
120 98 80.6492 98 56
199 87 4.01079 4 44
37 105 22.6961 36 39
152 122 52.0665 72 25
8 96 8.62025 26 15
85 108 48.2567 71 0
196 92 129.026 84 75
70 161 -0 21 3
160 130 47.5651 99 49
193 126 80.2285 33 96
15 52 108.84 84 99
168 125 110.178 74 42
141 86 76.1325 93 8
181 78 61.9926 25 33
64 175 89.058 39 47
174 105 57.8562 42 93
145 159 54.757 77 65
20 88 24.8241 68 15
20 94 47.8348 50 33
120 57 6.9428 42 1
8 82 91.5946 71 49
6 122 61.2596 85 39
101 138 60.3028 78 43
100 140 64.042 64 36
165 70 -0 5 4
98 114 103.915 93 90
37 66 16.2053 18 19
218 129 76.7052 38 77
37 41 51.067 29 53
163 178 59.0567 81 12
243 108 -0 4 1
118 67 76.1296 23 56
255 148 29.1896 11 19
64 120 9.53242 86 3
116 72 5.31493 2 42
226 141 102.33 31 79
48 65 90.7289 54 90
49 165 114.609 87 72
49 160 46.2003 17 21
214 121 52.0452 81 18
222 108 133.311 72 97
191 128 8.96411 10 79
158 131 55.8095 50 31
37 82 62.7811 25 71
59 90 100.582 71 57
204 128 61.0472 85 4
199 133 4.06749 51 19
202 183 0.294923 29 26
7 107 67.1255 55 64
37 55 8.66922 45 14
37 135 67.3329 100 4
48 75 32.5934 38 23
180 97 1.39045 11 18
141 138 135.022 82 98
102 82 76.5011 50 40
201 128 47.7628 39 29
165 143 29.0064 6 62
86 126 155.42 87 99
183 150 109.308 83 84
94 112 -0 22 0
199 67 50.1052 24 37
9 156 105.353 69 44
87 161 139.518 97 82
160 181 161.691 65 98
141 119 103.33 97 81
163 110 116.83 79 79
6 106 111.914 79 94
15 138 109.483 46 52
37 67 106.46 52 84
63 83 75.397 39 85
171 54 72.3383 94 0
224 93 92.1755 97 50
37 110 42.0543 18 47
37 21 -0 3 5
190 100 19.057 23 52
237 176 81.359 19 76
165 118 27.8557 40 56
37 37 28.5485 49 12
64 138 71.85 96 42
169 45 51.9454 58 45
7 111 76.9024 15 72
204 131 20.1053 21 9
48 70 119.107 56 54
52 113 127.303 67 99
233 80 7.86902 10 28
69 91 53.4657 36 66
92 106 76.3253 84 35
161 90 91.3886 59 58
63 73 28.8375 85 36
171 46 64.0518 60 57
216 132 127.424 33 55
36 146 106.637 62 87
144 108 109.894 70 68
96 143 106.523 79 43
250 129 131.889 98 84
22 82 74.2577 99 25
160 115 97.0154 18 77
230 175 18.7953 55 17
37 56 22.3735 75 8
37 110 101.01 94 50
144 109 109.131 89 74
224 118 111.874 13 83
80 129 44.8108 19 58
163 122 88.5542 19 96
48 67 19.0872 90 0
113 133 1.19961 35 5
213 106 82.8456 76 59
37 37 64.2437 3 81
199 83 123.888 11 93
37 92 113.863 98 73
142 163 25.1087 92 6
57 107 -0 1 5
213 102 95.1797 2 85
68 169 55.2399 63 8
36 157 62.299 57 36
166 112 50.3781 50 10
250 70 74.2545 19 80
100 141 50.9117 24 38
41 101 68.0899 14 97
90 146 91.3121 18 72
128 130 55.6593 77 9
37 68 56.7564 28 54
37 112 67.5942 72 25
141 75 29.1182 49 28
63 80 16.1503 58 37
190 148 77.0596 84 39
184 113 0.611012 58 2
15 55 116.552 41 77
36 149 24.5769 98 39
90 165 12.3201 77 0
165 47 12.6182 57 21
102 93 44.2941 39 41
190 88 65.1134 99 60
223 103 36.5493 83 39
219 82 12.8893 54 0
171 84 69.4109 86 19
30 155 -0 2 0
141 180 48.2329 14 36
69 151 62.7993 42 57
142 179 69.4942 14 63
142 154 12.1024 55 12
219 70 76.4716 2 67
252 156 42.1042 18 57
241 117 98.728 17 86
120 64 3.15368 22 14
177 101 13.7977 28 10
10 142 -0 3 2
192 121 119.296 96 50
128 98 120.953 53 85
102 111 86.3671 15 78
102 107 57.2888 36 56
6 62 87.5963 98 58
44 152 70.3255 78 11
201 126 34.3293 92 0
37 81 103.191 65 95
86 148 83.7977 64 23
101 169 92.6048 43 46
62 103 34.4114 50 51
199 59 108.317 0 80
193 131 95.8881 0 97
141 137 42.4447 0 43
257 96 14.7371 0 56
56 133 -0 0 0
54 129 13.6851 0 22
188 118 -0 0 48
48 87 67.3487 0 72
162 99 -0 0 69
160 111 37.5029 0 71
54 137 82.3046 0 92
191 123 -0 0 29

Temps: 115.35 seconds
Valeur OPT: 690.433
