262 500 500 126
73 87 9.90298 0 83
139 174 21.0483 6 38
123 116 27.2654 72 93
116 35 22.2274 93 84
81 116 10.536 28 50
133 97 9.84039 5 94
165 47 15.6396 43 92
141 61 6.72223 1 14
126 54 12.0975 36 51
26 114 10.7639 53 17
214 124 10.0033 63 60
241 95 11.5102 25 79
73 103 10.0197 50 22
146 133 19.5346 57 78
126 92 1.04987 1 13
52 69 12.7438 66 24
126 32 10.1091 37 29
225 147 11.6011 51 71
30 102 9.23569 47 32
207 98 9.79504 88 33
227 106 13.4822 75 5
186 104 6.3368 48 17
126 80 18.7232 40 93
126 85 4.46677 8 19
175 136 15.2077 69 79
126 45 23.5546 93 98
126 108 14.0203 29 99
215 83 15.663 5 96
126 85 16.7889 53 48
227 112 3.65868 8 69
198 92 17.4672 24 83
72 163 10.2615 53 3
146 108 1.21702 13 0
172 122 17.8232 47 55
95 124 14.6962 57 37
208 124 1.46542 9 0
73 112 16.7519 74 70
165 47 10.5362 83 3
39 94 18.4946 96 14
123 78 11.632 42 4
118 134 23.5737 80 18
109 119 0.153476 22 22
116 105 12.315 56 53
223 77 10.4782 43 6
165 63 1.12801 12 8
180 108 19.1086 73 98
180 97 11.2836 32 62
175 128 2.66902 8 24
23 98 9.02041 79 24
12 110 7.83637 79 11
91 141 13.3491 4 98
97 131 4.20721 14 50
16 51 2.14938 17 3
173 125 15.4232 19 45
73 88 3.03782 44 13
175 129 1.26137 5 2
225 106 8.1485 37 0
225 106 23.0905 100 98
183 125 10.5603 62 53
162 75 18.8333 90 18
110 121 10.7093 57 5
133 120 18.4401 44 88
126 65 9.98407 37 73
180 84 13.3434 80 53
157 97 12.5994 60 42
83 130 13.5797 95 11
118 123 8.80276 56 24
6 135 17.0941 56 63
74 112 4.60133 9 74
237 79 8.62601 39 31
100 118 8.60422 15 89
104 134 13.7748 4 50
116 102 11.2181 58 18
126 55 19.9302 73 86
104 26 2.71981 5 2
52 71 2.62842 12 15
108 140 14.798 3 65
91 134 18.6751 8 87
226 115 4.66741 31 40
261 108 12.4441 48 100
42 116 9.24961 3 64
186 109 9.91626 52 28
157 77 14.491 99 58
198 108 2.83964 29 4
135 52 4.68888 12 0
165 66 12.1371 50 29
151 158 25.6182 98 75
256 138 10.9065 4 50
91 128 8.79932 56 57
9 149 11.6583 24 55
61 122 2.24751 33 1
116 110 25.5064 45 100
25 129 23.3921 98 56
46 104 3.32758 4 44
151 148 11.3116 36 39
28 112 3.12845 72 25
126 61 1.81419 26 15
132 102 13.4667 71 0
196 123 13.8053 84 75
70 123 2.37224 21 3
186 92 9.91371 99 49
223 113 14.5874 33 96
15 77 22.9646 84 99
42 127 15.7197 74 42
126 20 12.3383 93 8
215 87 6.49008 25 33
230 163 12.1162 39 47
14 113 16.9208 42 93
145 121 13.5049 77 65
20 108 14.2457 68 15
165 112 6.47562 50 33
165 82 5.77426 42 1
8 69 16.0678 71 49
194 130 14.0532 85 39
26 119 12.9621 78 43
100 102 11.4238 64 36
126 4 0.96212 5 4
98 145 25.5857 93 90
116 35 6.18409 18 19
218 135 21.2247 38 77
22 87 10.7589 29 53
3 149 10.1378 81 12
135 86 1.79377 4 1
118 36 8.79278 23 56
27 120 6.31236 11 19
146 107 6.79627 86 3
-1 0 2.33887 2 42
126 146 10.4043 31 79
48 110 20.6648 54 90
49 141 20.7221 87 72
166 135 9.5054 17 21
225 106 9.15353 81 18
116 95 17.1338 72 97
73 95 12.5489 10 79
158 147 20.2739 50 31
116 38 11.3699 25 71
233 102 20.1478 71 57
204 90 9.45267 85 4
186 97 6.22555 51 19
209 154 12.597 29 26
126 70 19.0633 55 64
104 31 7.16999 45 14
74 109 6.9993 100 4
111 110 8.32948 38 23
180 103 4.40159 11 18
100 100 23.5794 82 98
135 44 10.8846 50 40
245 157 10.8911 39 29
26 120 4.87187 6 62
218 167 23.3071 87 99
183 125 15.7585 83 84
88 143 0.423803 22 0
165 95 9.42722 24 37
9 122 11.4118 69 44
115 137 22.6204 97 82
70 143 27.0898 65 98
141 94 21.8572 97 81
126 66 17.5705 79 79
6 122 18.8834 79 94
15 163 32.7442 46 52
74 64 15.6743 52 84
200 94 15.9035 39 85
52 66 18.3543 94 0
224 91 17.3719 97 50
7 89 15.1963 18 47
126 37 2.70372 3 5
207 73 12.1985 23 52
237 147 19.0524 19 76
157 127 12.321 40 56
116 71 11.5377 49 12
2 127 12.2424 96 42
16 64 10.0883 58 45
126 56 19.4069 15 72
204 93 0.129353 21 9
111 107 15.1591 56 54
52 109 14.6988 67 99
116 85 4.27039 10 28
62 77 9.68972 36 66
92 136 20.298 84 35
161 101 9.85022 59 58
141 79 13.5738 85 36
171 66 14.4511 60 57
28 120 19.0967 33 55
36 121 16.1172 62 87
144 115 15.7809 70 68
19 100 15.8411 79 43
172 80 22.8081 98 84
22 109 12.5051 99 25
160 112 13.3102 18 77
3 141 8.64997 55 17
123 67 12.8591 75 8
261 100 15.8048 94 50
144 116 22.2091 89 74
224 115 13.3909 13 83
80 124 7.50261 19 58
27 112 11.3189 19 96
23 98 8.33469 90 0
42 114 7.74395 35 5
73 57 13.9095 76 59
44 74 11.9966 3 81
116 76 14.9945 11 93
75 121 27.3747 98 73
142 136 12.4123 92 6
57 108 4.17999 1 5
73 65 13.4774 2 85
68 142 5.38233 63 8
83 123 12.0619 57 36
198 68 7.85802 50 10
25 65 15.8669 19 80
100 103 9.58899 24 38
41 121 9.58441 14 97
90 129 13.7129 18 72
45 142 16.9672 77 9
8 90 14.2756 28 54
146 104 12.6899 72 25
126 14 8.91558 49 28
180 90 14.1131 58 37
27 126 17.5112 84 39
184 120 5.99846 58 2
16 66 9.30123 41 77
36 124 18.6306 98 39
129 147 6.50905 77 0
165 62 12.9767 57 21
16 72 7.5807 39 41
62 85 19.3294 99 60
223 82 12.0424 83 39
219 93 11.1609 54 0
171 103 18.8605 86 19
96 123 3.73178 2 0
71 151 10.7894 14 36
26 122 10.8821 42 57
70 151 14.7356 14 63
142 128 6.06376 55 12
219 82 2.75163 2 67
68 129 13.3788 18 57
157 96 11.8978 17 86
165 90 2.15256 22 14
118 72 3.67656 28 10
62 129 8.08386 3 2
259 119 14.2722 96 50
111 139 17.2122 53 85
118 90 2.31468 15 78
157 105 11.6841 36 56
16 49 21.515 98 58
115 119 8.21701 78 11
135 132 22.0355 92 0
104 55 21.4091 65 95
126 146 14.9148 64 23
116 140 11.7497 43 46
62 70 11.3091 50 51
116 77 12.3834 0 80
26 123 13.1555 0 97
141 113 8.9489 0 43
257 129 10.0283 0 56
157 107 0.810195 0 0
137 105 6.17924 0 22
188 116 6.19789 0 48
111 120 7.9165 0 72
162 111 3.30786 0 69
160 108 11.1098 0 71
116 91 18.7093 0 92
215 89 5.85447 0 29

Temps: 112.31 seconds
Valeur OPT: 86.7623
