262 500 500 234
191 158 5.42215 0 24
139 92 16.7961 6 18
27 160 22.7114 72 69
8 132 23.1574 93 45
81 67 2.67273 28 10
133 72 23.5609 5 88
165 159 5.76784 43 50
160 82 0.296246 1 42
213 115 10.0604 36 18
230 174 10.9406 53 14
62 179 24.0195 63 83
241 169 4.579 25 9
211 82 10.5805 50 63
167 191 19.1275 57 89
48 180 6.358 1 84
219 162 13.1574 66 28
252 119 19.2634 37 79
162 222 14.9577 51 50
30 93 31.9213 47 99
234 64 15.7054 88 19
227 192 12.5208 75 42
252 44 2.28728 48 4
104 136 20.4618 40 77
120 147 5.78578 8 52
16 211 5.78308 69 18
246 105 28.9849 93 83
148 171 2.38675 29 71
191 127 1.15909 5 29
164 112 18.8887 53 10
213 196 7.89974 8 29
252 86 2.00031 24 25
234 99 33.5301 53 94
15 203 11.3358 13 44
234 38 11.3923 47 25
234 77 29.3046 57 96
145 116 17.2074 9 67
150 172 16.5995 74 0
208 144 19.7829 83 52
39 169 26.9639 96 90
172 151 19.7866 42 13
24 228 20.0781 80 81
210 194 0.890866 22 4
197 202 17.7008 56 53
223 172 23.175 43 73
160 119 8.4575 12 37
74 172 13.005 73 12
100 141 21.0246 32 100
172 196 24.3701 8 93
23 162 19.1621 79 56
5 94 12.2504 79 21
93 182 2.94155 4 17
104 207 3.93003 14 24
243 145 1.42975 17 26
49 128 5.16688 19 1
211 103 1.36408 44 6
47 203 9.07553 5 71
62 173 16.0858 37 32
203 159 19.3859 100 4
18 154 15.7807 62 0
75 167 21.7836 90 23
20 203 17.3983 57 99
211 58 5.8587 44 39
190 136 5.90277 37 79
180 140 12.9958 80 28
163 163 18.5194 60 53
206 162 24.6721 95 19
56 191 13.5096 56 98
75 190 15.9253 56 33
142 30 0.406866 9 12
8 148 9.97304 39 5
99 51 9.03388 15 8
231 83 2.5423 4 17
19 73 25.7196 58 72
198 100 25.1172 73 35
104 88 10.7167 5 45
52 158 6.52516 12 62
108 74 4.21732 3 0
91 179 10.8684 8 55
44 205 19.1182 31 74
252 71 24.3617 48 98
197 202 0.0507472 3 5
100 60 4.04837 52 41
157 157 12.1749 99 73
90 136 7.59644 29 43
16 136 0.768371 12 17
222 145 13.2539 50 14
259 158 13.8018 98 54
244 91 19.9796 4 37
91 179 17.0781 56 71
167 171 22.832 24 51
61 59 14.8946 33 53
239 158 18.5582 45 93
234 168 28.361 98 48
63 156 1.15868 4 5
144 159 19.4824 36 86
34 86 3.59683 72 2
213 116 10.6171 26 29
243 189 19.3982 71 11
92 203 19.5773 84 40
68 48 12.9884 21 50
145 46 16.3797 99 58
261 165 9.73528 33 95
52 167 15.7355 84 36
213 199 27.9471 74 97
234 76 24.3894 93 80
37 186 23.5752 25 85
121 205 15.1182 39 0
138 184 31.6179 42 69
244 57 21.676 77 84
227 193 19.5883 68 66
227 205 19.8149 50 3
246 157 9.67801 42 0
213 105 12.1309 71 11
66 202 26.7542 85 78
5 155 22.6747 78 56
145 45 10.9368 64 21
74 109 1.27651 5 49
199 192 16.1785 93 24
252 127 6.83656 18 31
95 146 10.5077 38 33
22 140 9.87764 29 14
189 186 13.926 81 75
123 162 3.26134 4 29
8 127 4.53624 23 0
5 100 13.3094 11 85
96 166 16.8811 86 8
116 112 15.5155 2 99
24 244 22.0021 31 23
120 176 14.6877 54 58
61 76 1.94049 87 25
61 93 27.7685 17 97
214 173 13.4155 81 58
75 189 26.1279 72 74
252 70 -0 10 1
109 230 11.2259 50 36
84 142 9.82825 25 15
84 177 19.6465 71 62
30 100 9.75558 85 22
252 49 18.5041 51 78
231 60 26.1867 29 64
100 88 18.7855 55 37
104 97 8.40264 45 0
234 27 17.1608 100 54
44 164 0.935409 38 15
259 124 20.9785 11 98
252 41 17.6748 82 79
84 145 12.1906 50 39
245 223 26.1835 39 79
234 165 0.181693 6 47
86 171 13.8469 87 0
90 155 32.072 83 57
94 165 16.5306 22 77
259 142 3.24586 24 36
148 179 18.8074 69 0
244 64 19.8727 97 51
142 60 13.1145 65 57
7 126 27.6549 97 55
249 148 20.5083 79 4
227 214 18.2529 79 39
67 240 32.2486 46 99
234 71 7.0776 52 0
46 151 9.87807 39 46
75 162 21.9417 94 36
198 139 22.3569 97 56
252 71 5.295 18 31
25 145 19.3845 3 93
185 103 19.9534 23 38
234 164 7.3426 19 2
66 204 10.8316 40 9
243 158 14.0573 49 65
27 157 19.398 96 5
52 169 14.1772 58 3
252 57 7.21071 15 22
30 113 4.7901 21 5
196 168 13.8393 56 43
47 205 5.13265 67 44
233 188 8.96179 10 50
237 152 21.5235 36 96
92 179 25.4124 84 98
208 150 9.04252 59 15
160 136 24.6141 85 96
52 169 3.15309 60 24
95 97 10.1082 33 39
58 162 16.9216 62 55
239 128 5.39399 70 4
19 65 34.2577 79 100
138 71 36.1583 98 77
93 161 6.69128 99 0
256 98 11.7751 18 42
61 169 9.98035 55 3
234 109 16.3476 75 40
261 86 16.2724 94 85
184 135 13.7416 89 79
90 163 6.47592 13 38
57 207 19.3458 19 98
27 147 8.62796 19 13
236 158 12.3484 90 19
249 196 16.8408 35 81
19 99 12.1273 76 87
164 127 19.7838 3 80
63 155 0.70418 11 2
75 197 14.5162 98 8
231 48 20.733 92 47
234 158 6.2018 1 57
73 115 23.1401 2 84
31 108 24.8012 63 50
49 145 21.4613 57 48
73 116 8.60154 50 28
246 101 2.3948 19 14
252 44 19.468 24 72
178 192 9.9733 14 72
234 53 26.958 18 87
7 180 19.8853 77 56
252 85 21.3665 28 72
57 168 9.33917 72 22
74 114 12.9632 49 11
4 150 28.1802 58 92
73 159 22.6148 84 18
184 131 15.1777 58 18
52 156 18.3237 41 59
198 176 31.7473 98 50
129 86 40.1809 77 93
104 132 16.1661 57 42
237 165 5.05771 39 3
163 148 14.6904 99 12
235 171 18.5607 83 86
136 186 19.4362 54 83
222 188 9.81323 86 1
72 140 5.56146 2 97
231 68 25.1155 14 98
170 166 9.41829 42 56
234 38 7.97502 14 39
234 34 16.6494 55 64
39 174 9.10378 2 60
-1 0 20.0684 18 84
104 157 12.7383 17 53
23 150 15.1362 22 90
62 147 11.4326 28 94
214 189 7.87344 3 8
252 114 25.0992 96 49
107 200 16.814 53 43
213 163 2.18008 15 2
74 175 14.3394 36 70
16 134 21.4927 98 3
252 48 2.26408 78 6
222 211 17.3429 92 0
234 91 16.6428 65 63
95 181 30.9271 64 57
89 182 11.2576 43 0
62 139 8.39823 50 19
246 111 20.3042 0 92
114 161 1.67761 0 19
234 13 9.31331 0 33
-1 179 179 0 58
21 184 15.5153 0 75
191 106 9.84194 0 65
4 93 16.5076 0 76
236 168 8.31184 0 82
56 214 3.26918 0 50
252 109 17.2247 0 57
73 123 15.0954 0 60
252 76 11.6432 0 68

Temps: 50.89 seconds
Valeur OPT: 108.667
