262 500 500 16
123 75 14.403 0 93
71 203 19.8178 6 42
123 112 11.4006 72 71
123 32 12.2162 93 10
81 141 5.35628 28 13
198 117 6.41654 5 57
16 33 8.20499 43 9
25 98 11.0416 1 98
123 42 5.77623 36 19
26 112 7.41751 53 58
254 109 12.8191 63 53
62 81 13.8518 25 83
261 126 5.86166 50 4
219 127 13.9472 57 15
143 110 4.30455 1 50
219 39 8.27647 66 53
-1 0 12.2486 37 68
78 113 9.93136 51 53
255 115 8.96505 47 73
215 99 12.8556 88 58
181 95 9.33537 75 4
138 130 8.79171 48 73
120 96 2.12087 40 4
236 92 8.69789 8 72
258 112 16.7858 69 98
141 77 20.1979 93 93
62 106 9.26449 29 79
0 106 11.4502 5 100
256 144 16.0734 53 96
227 108 7.23821 8 77
207 108 1.68711 24 5
68 180 9.12959 53 57
219 71 5.72413 13 88
234 155 15.6192 47 50
256 133 9.92148 57 0
259 144 2.76834 9 72
224 134 10.235 74 19
165 52 5.97222 83 1
102 67 10.643 96 25
102 56 10.6801 42 64
32 113 12.152 80 55
20 113 5.14385 22 19
197 109 6.95548 56 84
249 72 12.2685 43 87
222 103 11.6837 12 80
187 138 10.5425 73 17
6 101 4.87259 32 56
39 104 1.56341 8 14
16 89 12.5241 79 84
12 139 12.5087 79 55
63 151 2.92681 4 58
32 100 8.32588 14 67
219 44 1.88064 17 22
73 135 10.7455 19 28
62 107 14.6495 44 78
254 106 0.820332 5 2
38 84 7.38037 37 28
62 86 6.71444 100 18
2 131 6.22541 62 39
181 63 13.1688 90 37
20 114 10.1611 57 89
211 136 4.46525 44 5
16 47 4.48661 37 29
216 116 12.4003 80 18
125 96 15.711 60 90
2 154 21.1726 95 53
254 92 7.54376 56 33
219 67 11.9606 56 57
234 146 2.18614 9 26
177 63 2.84148 39 9
118 138 4.9121 15 96
215 159 2.76361 4 1
185 110 12.5988 58 47
96 79 13.8 73 72
104 66 2.35094 5 0
219 56 11.7841 12 92
154 167 8.18344 3 56
93 146 1.59568 8 45
32 81 9.11439 31 21
96 105 10.1803 48 56
254 99 5.42971 3 43
186 132 5.41683 52 62
157 69 10.9253 99 60
204 125 8.65404 29 50
16 45 9.91011 12 96
16 65 5.63389 50 0
151 169 13.5727 98 8
256 159 8.7193 4 24
236 150 12.7774 56 8
3 141 8.91654 24 65
211 135 2.50908 33 0
23 138 7.50044 45 28
37 115 14.8822 98 0
46 125 0.453869 4 0
151 167 4.89912 36 81
188 142 16.8725 72 50
123 61 2.2641 26 0
243 86 12.4547 71 79
257 118 15.6742 84 66
70 142 3.99074 21 29
145 134 14.8387 99 86
11 105 5.35004 33 41
15 46 7.1862 84 21
66 101 6.8809 74 31
16 55 5.76196 93 24
243 102 6.44316 25 23
121 167 15.4044 39 98
257 125 11.6486 42 79
244 136 8.43769 77 33
20 97 7.0863 68 17
109 111 10.0031 50 40
222 98 11.9062 42 93
123 72 15.7575 71 63
103 109 17.7749 85 99
125 105 11.736 78 45
145 135 7.36283 64 3
126 71 14.6623 5 83
165 148 13.9011 93 6
16 24 1.14343 18 4
239 147 9.6629 38 85
6 89 6.56185 29 33
230 153 9.70501 81 2
249 85 9.22126 4 43
118 25 5.1181 23 69
207 122 5.11603 11 37
118 85 16.7922 86 99
243 67 2.75232 2 38
219 119 16.4789 31 42
37 99 7.94851 54 39
133 146 16.1961 87 94
12 151 3.75714 17 1
203 97 15.4725 81 85
181 83 13.0633 72 55
5 118 4.68747 10 17
67 120 10.1642 50 0
118 48 13.0702 25 82
102 66 8.74343 71 50
73 108 7.73026 85 15
96 125 10.7472 51 71
3 174 3.60395 29 0
74 92 4.19386 55 18
16 57 15.4448 45 97
68 149 5.62133 100 0
37 100 4.11419 38 24
152 149 9.16332 11 84
104 128 8.70776 82 49
84 55 2.95829 50 10
245 115 7.69621 39 36
26 115 0.413713 6 0
247 181 16.7069 87 5
58 136 14.8974 83 97
104 161 9.40593 22 14
208 114 12.949 24 92
9 118 7.64211 69 18
145 156 9.71889 97 3
70 153 16.5136 65 74
239 166 16.9463 97 90
62 65 5.82803 79 11
132 115 16.8381 79 65
162 159 27.1249 46 56
215 103 10.048 52 25
46 116 11.0179 39 100
181 60 7.60728 94 35
177 70 13.6179 97 50
140 108 3.92094 18 8
6 42 11.8989 3 77
207 88 9.09893 23 64
153 140 9.04337 19 59
66 110 4.62828 40 47
181 60 9.78311 49 51
0 121 12.8269 96 44
181 51 9.19716 58 54
215 82 4.97537 15 11
118 105 6.95835 21 44
48 101 3.44915 56 2
16 98 6.02182 67 6
15 71 4.46237 10 39
237 57 3.55102 36 11
109 121 12.5817 84 77
120 112 9.56302 59 36
63 120 10.3466 85 60
219 50 8.19623 60 94
95 157 10.1414 33 23
58 136 3.72093 62 5
218 150 3.58672 70 52
19 100 7.50863 79 5
3 117 14.9532 98 56
128 129 16.5306 99 98
256 127 2.85075 18 0
248 168 12.4783 55 36
8 52 17.5773 75 75
261 117 15.7558 94 69
46 150 16.1037 89 42
157 102 10.4394 13 74
80 106 13.9211 19 85
3 110 7.8969 19 76
23 100 17.1469 90 93
254 101 10.0518 35 46
73 80 10.3331 76 70
84 109 11.25 3 75
104 108 7.96835 11 57
67 80 18.6051 98 95
3 164 18.8685 92 98
57 87 6.12945 1 50
96 80 4.33405 2 36
118 165 10.8372 63 14
83 136 9.88403 57 38
96 78 6.14206 50 19
3 95 7.63412 19 54
145 149 5.01184 24 51
171 113 4.05068 14 71
79 132 7.04898 18 40
236 152 26.5049 77 99
123 59 8.07266 28 24
57 96 14.8636 72 79
16 47 14.1368 49 87
46 108 11.8817 58 97
73 129 15.2385 84 63
165 147 8.22601 58 39
16 31 4.36026 41 13
0 139 15.39 98 81
8 142 10.95 77 31
165 71 7.66998 57 22
84 72 2.93527 39 19
249 68 7.63275 99 52
62 71 5.0133 83 3
219 72 16.2704 54 98
20 101 6.77472 86 4
62 142 5.77629 2 3
71 196 10.4585 14 72
26 116 7.6616 42 43
99 171 9.44615 14 79
142 159 9.69665 55 15
15 68 4.86374 2 18
118 123 3.30412 18 29
241 79 1.85611 17 37
16 86 6.02959 22 57
62 51 4.38377 28 29
214 112 6.56903 3 12
243 136 14.9223 96 14
98 133 8.53916 53 12
249 73 5.28764 15 58
102 86 8.50736 36 42
16 28 8.37599 98 12
215 129 17.3363 78 99
32 107 10.8135 92 49
6 85 14.2838 65 62
16 145 19.8365 64 2
153 132 10.8162 43 80
62 55 7.40967 50 48
16 89 3.65088 0 25
125 103 9.01471 0 78
215 136 8.888 0 86
6 87 1.67026 0 8
16 71 3.73529 0 32
16 101 7.78152 0 83
215 121 4.58104 0 39
243 82 9.65901 0 84
219 91 6.7112 0 0
6 132 3.41597 0 3
73 101 8.0073 0 48
8 103 -0 0 22

Temps: 57.97 seconds
Valeur OPT: 51.0499
